850 5.28372E+01 4.54256E+00 
850 5.30264E+01 4.53512E+00 
850 5.29813E+01 4.52507E+00 
850 5.30094E+01 4.52783E+00 
850 5.29178E+01 4.48945E+00 
850 5.30464E+01 4.52082E+00 
850 5.30399E+01 4.53246E+00 
850 5.29245E+01 4.52042E+00 
900 5.30582E+01 4.52352E+00 
900 5.29790E+01 4.49747E+00 
900 5.29019E+01 4.51934E+00 
900 5.27682E+01 4.50039E+00 
900 5.29047E+01 4.50238E+00 
900 5.29880E+01 4.48073E+00 
900 5.30204E+01 4.52459E+00 
950 5.29293E+01 4.48893E+00 
950 5.28966E+01 4.46226E+00 
950 5.27504E+01 4.49888E+00 
950 5.28472E+01 4.50889E+00 
950 5.29126E+01 4.46939E+00 
950 5.29483E+01 4.48488E+00 
950 5.28711E+01 4.45805E+00 
950 5.28008E+01 4.51066E+00 
1000 5.29426E+01 4.44558E+00 
1000 5.27325E+01 4.50680E+00 
1000 5.28377E+01 4.47027E+00 
1000 5.27222E+01 4.50195E+00 
850 5.28372E+01 4.54256E+00 
850 5.30264E+01 4.53512E+00 
850 5.29813E+01 4.52507E+00 
850 5.30094E+01 4.52783E+00 
850 5.29178E+01 4.48945E+00 
850 5.30464E+01 4.52082E+00 
850 5.30399E+01 4.53246E+00 
850 5.29245E+01 4.52042E+00 
900 5.30582E+01 4.52352E+00 
900 5.29790E+01 4.49747E+00 
900 5.29019E+01 4.51934E+00 
900 5.27682E+01 4.50039E+00 
900 5.29047E+01 4.50238E+00 
900 5.29880E+01 4.48073E+00 
900 5.30204E+01 4.52459E+00 
950 5.29293E+01 4.48893E+00 
950 5.28966E+01 4.46226E+00 
950 5.27504E+01 4.49888E+00 
950 5.28472E+01 4.50889E+00 
950 5.29126E+01 4.46939E+00 
950 5.29483E+01 4.48488E+00 
950 5.28711E+01 4.45805E+00 
950 5.28008E+01 4.51066E+00 
1000 5.29426E+01 4.44558E+00 
1000 5.27325E+01 4.50680E+00 
1000 5.28377E+01 4.47027E+00 
1000 5.27222E+01 4.50195E+00 
1000 5.27425E+01 4.48757E+00 
1000 5.27312E+01 4.45284E+00 
1000 5.29354E+01 4.49880E+00 
1050 5.26667E+01 4.45775E+00 
1050 5.28278E+01 4.48311E+00 
800 5.29489E+01 4.54136E+00 
800 5.29295E+01 4.51054E+00 
800 5.29632E+01 4.53406E+00 
800 5.29561E+01 4.54795E+00 
800 5.30513E+01 4.56003E+00 
800 5.30382E+01 4.51251E+00 
800 5.29368E+01 4.53085E+00 
800 5.30179E+01 4.54132E+00 
800 5.30658E+01 4.52644E+00 
800 5.30006E+01 4.54991E+00 
800 5.30754E+01 4.57037E+00 
800 5.31456E+01 4.53185E+00 
800 5.28514E+01 4.55182E+00 
800 5.31821E+01 4.51808E+00 
800 5.30152E+01 4.51584E+00 
850 5.29229E+01 4.52733E+00 
850 5.28222E+01 4.54220E+00 
850 5.29448E+01 4.53295E+00 
850 5.30394E+01 4.52295E+00 
850 5.30263E+01 4.53186E+00 
850 5.29206E+01 4.51293E+00 
850 5.29521E+01 4.52475E+00 
850 5.29713E+01 4.52811E+00 
850 5.30508E+01 4.52527E+00 
850 5.29276E+01 4.49813E+00 
850 5.29020E+01 4.54408E+00 
850 5.29931E+01 4.53218E+00 
850 5.30451E+01 4.49909E+00 
850 5.30056E+01 4.52901E+00 
850 5.29714E+01 4.52738E+00 
900 5.29140E+01 4.50594E+00 
900 5.28395E+01 4.49334E+00 
900 5.31243E+01 4.52427E+00 
900 5.29547E+01 4.51092E+00 
900 5.30057E+01 4.50046E+00 
900 5.29222E+01 4.51375E+00 
900 5.28756E+01 4.51866E+00 
900 5.29291E+01 4.50664E+00 
900 5.28049E+01 4.49532E+00 
900 5.29383E+01 4.51395E+00 
900 5.29202E+01 4.49379E+00 
900 5.29752E+01 4.50671E+00 
900 5.30218E+01 4.48402E+00 
900 5.28001E+01 4.50122E+00 
900 5.30453E+01 4.52734E+00 
950 5.26675E+01 4.50310E+00 
950 5.29418E+01 4.48994E+00 
950 5.28164E+01 4.49414E+00 
950 5.28885E+01 4.45900E+00 
950 5.28566E+01 4.49944E+00 
950 5.27346E+01 4.49232E+00 
950 5.29575E+01 4.48674E+00 
950 5.28128E+01 4.51528E+00 
950 5.28494E+01 4.49173E+00 
950 5.28923E+01 4.47304E+00 
950 5.28240E+01 4.49447E+00 
950 5.29561E+01 4.47738E+00 
950 5.29580E+01 4.51287E+00 
950 5.29631E+01 4.46797E+00 
950 5.28927E+01 4.47358E+00 
1000 5.28419E+01 4.46777E+00 
1000 5.27723E+01 4.52110E+00 
1000 5.28989E+01 4.44860E+00 
1000 5.27917E+01 4.47615E+00 
1000 5.27674E+01 4.49961E+00 
1000 5.27448E+01 4.48550E+00 
1000 5.28910E+01 4.46559E+00 
1000 5.28144E+01 4.50101E+00 
1000 5.26829E+01 4.50409E+00 
1000 5.28231E+01 4.50315E+00 
1000 5.27523E+01 4.48232E+00 
1000 5.28347E+01 4.52397E+00 
1000 5.27815E+01 4.44933E+00 
1000 5.28726E+01 4.49018E+00 
1000 5.29223E+01 4.48899E+00 
1050 5.27937E+01 4.46436E+00 
1050 5.26606E+01 4.45788E+00 
1050 5.27816E+01 4.48933E+00 
1050 5.27720E+01 4.49884E+00 
1050 5.27199E+01 4.47082E+00 
1050 5.27434E+01 4.47518E+00 
1050 5.27094E+01 4.48705E+00 
1050 5.28249E+01 4.44993E+00 
1050 5.27621E+01 4.43024E+00 
1050 5.27305E+01 4.47798E+00 
1050 5.27872E+01 4.48285E+00 
1050 5.28043E+01 4.45779E+00 
1050 5.27504E+01 4.42973E+00 
1050 5.27969E+01 4.46456E+00 
1050 5.27767E+01 4.46118E+00 
1100 5.28018E+01 4.44241E+00 
1100 5.27172E+01 4.45637E+00 
1100 5.27523E+01 4.45582E+00 
1100 5.26448E+01 4.48280E+00 
1100 5.27750E+01 4.47615E+00 
1100 5.26119E+01 4.44820E+00 
1100 5.25878E+01 4.48061E+00 
1100 5.26940E+01 4.45130E+00 
1100 5.26967E+01 4.46275E+00 
1100 5.27369E+01 4.46424E+00 
1100 5.27808E+01 4.47004E+00 
1100 5.26017E+01 4.47236E+00 
1100 5.28651E+01 4.45687E+00 
1100 5.27907E+01 4.43791E+00 
1100 5.27641E+01 4.46223E+00 
1150 5.26500E+01 4.43414E+00 
1150 5.25773E+01 4.43363E+00 
1150 5.28011E+01 4.43163E+00 
1150 5.27504E+01 4.46324E+00 
1150 5.27976E+01 4.47244E+00 
1150 5.26925E+01 4.47074E+00 
1150 5.27515E+01 4.46086E+00 
1150 5.27588E+01 4.46123E+00 
1150 5.26600E+01 4.42390E+00 
1150 5.25978E+01 4.43630E+00 
1150 5.27986E+01 4.41158E+00 
1150 5.25531E+01 4.47706E+00 
1150 5.28138E+01 4.46489E+00 
1150 5.28301E+01 4.43606E+00 
1150 5.26592E+01 4.41772E+00 
1200 5.27059E+01 4.43307E+00 
1200 5.25947E+01 4.41442E+00 
1200 5.26090E+01 4.44511E+00 
1200 5.27226E+01 4.42072E+00 
1200 5.25073E+01 4.44959E+00 
1200 5.26467E+01 4.42308E+00 
1200 5.27005E+01 4.43945E+00 
1200 5.26773E+01 4.44131E+00 
1200 5.26673E+01 4.44590E+00 
1200 5.27527E+01 4.40708E+00 
1200 5.27244E+01 4.40858E+00 
1200 5.27436E+01 4.43401E+00 
1200 5.25906E+01 4.42042E+00 
1200 5.26218E+01 4.44608E+00 
1200 5.27106E+01 4.43492E+00 
1250 5.25449E+01 4.42926E+00 
1250 5.26668E+01 4.41770E+00 
1250 5.25836E+01 4.41603E+00 
1250 5.25935E+01 4.42124E+00 
1250 5.26147E+01 4.41200E+00 
1250 5.26491E+01 4.42405E+00 
1250 5.26963E+01 4.43131E+00 
1250 5.25498E+01 4.44771E+00 
1250 5.25535E+01 4.41489E+00 
1250 5.26187E+01 4.41537E+00 
1250 5.25388E+01 4.42995E+00 
1250 5.26554E+01 4.43972E+00 
1250 5.26128E+01 4.44289E+00 
1250 5.26232E+01 4.39316E+00 
1250 5.26893E+01 4.42893E+00 
1300 5.26506E+01 4.38777E+00 
1300 5.25777E+01 4.41611E+00 
1300 5.26583E+01 4.39731E+00 
1300 5.24338E+01 4.44207E+00 
1300 5.25573E+01 4.44239E+00 
1300 5.26009E+01 4.40723E+00 
1300 5.24211E+01 4.42069E+00 
1300 5.25846E+01 4.44421E+00 
1300 5.25919E+01 4.42162E+00 
1300 5.27481E+01 4.40944E+00 
1300 5.24819E+01 4.39588E+00 
1300 5.26167E+01 4.43646E+00 
1300 5.25382E+01 4.42126E+00 
1300 5.24888E+01 4.41107E+00 
1300 5.25547E+01 4.42390E+00 
1350 5.25925E+01 4.39648E+00 
1350 5.24577E+01 4.39683E+00 
1350 5.25782E+01 4.38733E+00 
1350 5.26621E+01 4.40042E+00 
1350 5.25960E+01 4.39807E+00 
1350 5.25723E+01 4.41355E+00 
1350 5.25785E+01 4.40217E+00 
1350 5.24951E+01 4.38970E+00 
1350 5.25834E+01 4.41160E+00 
1350 5.24521E+01 4.42838E+00 
1350 5.25521E+01 4.40572E+00 
1350 5.25058E+01 4.39892E+00 
1350 5.24977E+01 4.40147E+00 
1350 5.26310E+01 4.38612E+00 
1350 5.24893E+01 4.41925E+00 
1400 5.24484E+01 4.37892E+00 
1400 5.24793E+01 4.40061E+00 
1400 5.25768E+01 4.35791E+00 
1400 5.25619E+01 4.39940E+00 
1400 5.24816E+01 4.37930E+00 
1400 5.25133E+01 4.42614E+00 
1400 5.24761E+01 4.38973E+00 
1400 5.25657E+01 4.38127E+00 
1400 5.24570E+01 4.37763E+00 
1400 5.25614E+01 4.39383E+00 
1400 5.24145E+01 4.40197E+00 
1400 5.26411E+01 4.41733E+00 
1400 5.25841E+01 4.39089E+00 
1400 5.25411E+01 4.40806E+00 
1400 5.25702E+01 4.39297E+00 
1450 5.24123E+01 4.41443E+00 
1450 5.24526E+01 4.36755E+00 
1450 5.24618E+01 4.35724E+00 
1450 5.25752E+01 4.41301E+00 
1450 5.24598E+01 4.35701E+00 
1450 5.24630E+01 4.37235E+00 
1450 5.24549E+01 4.36335E+00 
1450 5.25650E+01 4.39908E+00 
1450 5.24471E+01 4.39722E+00 
1450 5.25251E+01 4.38163E+00 
1450 5.26789E+01 4.36816E+00 
1450 5.24756E+01 4.42415E+00 
1450 5.25764E+01 4.39133E+00 
1450 5.25235E+01 4.35673E+00 
1450 5.24607E+01 4.38715E+00 
1500 5.24924E+01 4.39034E+00 
1500 5.24736E+01 4.37922E+00 
1500 5.24827E+01 4.36035E+00 
1500 5.24006E+01 4.38113E+00 
1500 5.24844E+01 4.37130E+00 
1500 5.24739E+01 4.34254E+00 
1500 5.25976E+01 4.38748E+00 
1500 5.24811E+01 4.38007E+00 
1500 5.24178E+01 4.39023E+00 
1500 5.23917E+01 4.36926E+00 
1500 5.24152E+01 4.39011E+00 
1500 5.24573E+01 4.37341E+00 
1500 5.23785E+01 4.38089E+00 
1500 5.25490E+01 4.34591E+00 
1500 5.24855E+01 4.38218E+00 
