800 3.04606E-01 2.15423E-03 8.32133E-04 2.78127E-01 
800 3.04664E-01 2.22111E-03 8.35794E-04 2.78038E-01 
800 3.04574E-01 2.15268E-03 8.37568E-04 2.78145E-01 
800 3.04621E-01 2.18439E-03 8.42868E-04 2.78074E-01 
800 3.04600E-01 2.18096E-03 8.36654E-04 2.78100E-01 
800 3.04635E-01 2.15341E-03 8.39502E-04 2.78128E-01 
800 3.04614E-01 2.13479E-03 8.42473E-04 2.78130E-01 
800 3.04666E-01 2.12523E-03 8.27625E-04 2.78174E-01 
800 3.04741E-01 2.11063E-03 8.34109E-04 2.78157E-01 
800 3.04555E-01 2.11250E-03 8.34423E-04 2.78172E-01 
800 3.04674E-01 2.11307E-03 8.37279E-04 2.78170E-01 
800 3.04602E-01 2.12001E-03 8.27524E-04 2.78166E-01 
800 3.04633E-01 2.14475E-03 8.37662E-04 2.78130E-01 
800 3.04677E-01 2.20240E-03 8.33437E-04 2.78064E-01 
800 3.04635E-01 2.15363E-03 8.22655E-04 2.78106E-01 
850 3.04749E-01 2.37261E-03 8.33429E-04 2.78147E-01 
850 3.04743E-01 2.34139E-03 8.38298E-04 2.78233E-01 
850 3.04726E-01 2.33528E-03 8.39743E-04 2.78230E-01 
850 3.04732E-01 2.29251E-03 8.31020E-04 2.78238E-01 
850 3.04664E-01 2.25428E-03 8.39177E-04 2.78294E-01 
850 3.04668E-01 2.26067E-03 8.28870E-04 2.78275E-01 
850 3.04742E-01 2.29012E-03 8.42360E-04 2.78261E-01 
850 3.04680E-01 2.33582E-03 8.24345E-04 2.78209E-01 
850 3.04746E-01 2.25908E-03 8.36776E-04 2.78292E-01 
850 3.04689E-01 2.32035E-03 8.41375E-04 2.78221E-01 
850 3.04669E-01 2.29970E-03 8.47606E-04 2.78232E-01 
850 3.04743E-01 2.32354E-03 8.30166E-04 2.78218E-01 
850 3.04689E-01 2.29889E-03 8.23842E-04 2.78241E-01 
850 3.04772E-01 2.28551E-03 8.31789E-04 2.78273E-01 
850 3.04763E-01 2.38457E-03 8.28055E-04 2.78185E-01 
900 3.04806E-01 2.52715E-03 8.37531E-04 2.78274E-01 
900 3.04845E-01 2.51234E-03 8.39743E-04 2.78290E-01 
900 3.04717E-01 2.48878E-03 8.32153E-04 2.78342E-01 
900 3.04854E-01 2.51711E-03 8.30447E-04 2.78288E-01 
900 3.04805E-01 2.54409E-03 8.43846E-04 2.78264E-01 
900 3.04825E-01 2.51932E-03 8.37086E-04 2.78282E-01 
900 3.04842E-01 2.49525E-03 8.38947E-04 2.78323E-01 
900 3.04757E-01 2.53330E-03 8.36141E-04 2.78273E-01 
900 3.04732E-01 2.53543E-03 8.43976E-04 2.78238E-01 
900 3.04774E-01 2.50437E-03 8.40145E-04 2.78302E-01 
900 3.04708E-01 2.49011E-03 8.35100E-04 2.78312E-01 
900 3.04716E-01 2.49549E-03 8.41638E-04 2.78342E-01 
900 3.04775E-01 2.52711E-03 8.29170E-04 2.78295E-01 
900 3.04814E-01 2.50775E-03 8.37021E-04 2.78313E-01 
900 3.04694E-01 2.60018E-03 8.40218E-04 2.78236E-01 
950 3.04974E-01 2.62316E-03 8.32657E-04 2.78469E-01 
950 3.04953E-01 2.67010E-03 8.29978E-04 2.78415E-01 
950 3.04833E-01 2.62379E-03 8.36676E-04 2.78473E-01 
950 3.04857E-01 2.70999E-03 8.42244E-04 2.78382E-01 
950 3.04970E-01 2.70131E-03 8.35723E-04 2.78366E-01 
950 3.04861E-01 2.67391E-03 8.38398E-04 2.78407E-01 
950 3.04834E-01 2.70575E-03 8.38052E-04 2.78355E-01 
950 3.04840E-01 2.66062E-03 8.35289E-04 2.78440E-01 
950 3.04891E-01 2.65229E-03 8.36050E-04 2.78454E-01 
950 3.04907E-01 2.64564E-03 8.44198E-04 2.78423E-01 
950 3.04838E-01 2.66036E-03 8.38129E-04 2.78433E-01 
950 3.04856E-01 2.73487E-03 8.32867E-04 2.78367E-01 
950 3.04897E-01 2.69990E-03 8.35849E-04 2.78377E-01 
950 3.04943E-01 2.69635E-03 8.33399E-04 2.78378E-01 
950 3.04863E-01 2.69096E-03 8.36825E-04 2.78419E-01 
1000 3.04963E-01 2.89686E-03 8.42315E-04 2.78433E-01 
1000 3.05014E-01 2.86307E-03 8.49698E-04 2.78490E-01 
1000 3.05003E-01 2.89544E-03 8.27515E-04 2.78447E-01 
1000 3.04957E-01 2.84337E-03 8.46159E-04 2.78513E-01 
1000 3.04996E-01 2.73620E-03 8.31194E-04 2.78633E-01 
1000 3.04988E-01 2.81155E-03 8.43137E-04 2.78521E-01 
1000 3.04901E-01 2.81890E-03 8.43732E-04 2.78534E-01 
1000 3.04962E-01 2.77858E-03 8.34797E-04 2.78570E-01 
1000 3.05005E-01 2.82431E-03 8.38610E-04 2.78520E-01 
1000 3.04996E-01 2.87459E-03 8.51238E-04 2.78455E-01 
1000 3.04869E-01 2.83594E-03 8.40648E-04 2.78532E-01 
1000 3.04959E-01 2.80057E-03 8.44864E-04 2.78555E-01 
1000 3.04998E-01 2.91066E-03 8.39640E-04 2.78444E-01 
1000 3.04918E-01 2.75718E-03 8.37091E-04 2.78587E-01 
1000 3.04931E-01 2.92511E-03 8.41072E-04 2.78419E-01 
1050 3.05054E-01 3.05290E-03 8.44095E-04 2.78547E-01 
1050 3.05093E-01 3.04300E-03 8.42367E-04 2.78572E-01 
1050 3.05046E-01 3.01020E-03 8.48438E-04 2.78608E-01 
1050 3.05080E-01 3.11152E-03 8.51223E-04 2.78501E-01 
1050 3.05070E-01 3.09040E-03 8.32875E-04 2.78528E-01 
1050 3.05091E-01 2.89673E-03 8.40912E-04 2.78701E-01 
1050 3.05055E-01 3.00631E-03 8.42858E-04 2.78618E-01 
1050 3.05084E-01 2.96377E-03 8.26206E-04 2.78677E-01 
1050 3.05125E-01 3.17608E-03 8.37405E-04 2.78438E-01 
1050 3.05059E-01 3.04857E-03 8.39715E-04 2.78584E-01 
1050 3.05030E-01 3.06997E-03 8.45862E-04 2.78576E-01 
1050 3.05003E-01 3.02627E-03 8.44125E-04 2.78578E-01 
1050 3.04973E-01 3.10380E-03 8.37166E-04 2.78504E-01 
1050 3.05100E-01 3.03717E-03 8.52292E-04 2.78556E-01 
1050 3.04993E-01 3.11541E-03 8.45025E-04 2.78484E-01 
1100 3.05171E-01 3.20246E-03 8.29145E-04 2.78672E-01 
1100 3.05118E-01 3.23680E-03 8.40749E-04 2.78592E-01 
1100 3.05115E-01 3.23967E-03 8.56217E-04 2.78621E-01 
1100 3.05140E-01 3.24624E-03 8.46407E-04 2.78602E-01 
1100 3.05149E-01 3.19868E-03 8.37926E-04 2.78654E-01 
1100 3.05138E-01 3.29783E-03 8.46240E-04 2.78568E-01 
1100 3.05202E-01 3.18390E-03 8.53289E-04 2.78702E-01 
1100 3.05180E-01 3.32122E-03 8.54510E-04 2.78529E-01 
1100 3.05085E-01 3.13332E-03 8.46817E-04 2.78758E-01 
1100 3.05016E-01 3.20578E-03 8.53848E-04 2.78661E-01 
1100 3.05089E-01 3.13507E-03 8.53790E-04 2.78738E-01 
1100 3.05179E-01 3.21684E-03 8.46749E-04 2.78666E-01 
1100 3.05186E-01 3.18973E-03 8.49696E-04 2.78687E-01 
1100 3.05138E-01 3.22061E-03 8.52489E-04 2.78627E-01 
1100 3.05107E-01 3.19565E-03 8.39973E-04 2.78671E-01 
1150 3.05211E-01 3.47775E-03 8.51862E-04 2.78666E-01 
1150 3.05181E-01 3.39795E-03 8.45340E-04 2.78757E-01 
1150 3.05216E-01 3.48928E-03 8.41194E-04 2.78612E-01 
1150 3.05128E-01 3.42522E-03 8.55147E-04 2.78720E-01 
1150 3.05110E-01 3.43300E-03 8.50961E-04 2.78687E-01 
1150 3.05124E-01 3.32723E-03 8.38502E-04 2.78798E-01 
1150 3.05203E-01 3.43861E-03 8.54981E-04 2.78649E-01 
1150 3.05276E-01 3.45094E-03 8.45608E-04 2.78694E-01 
1150 3.05235E-01 3.44181E-03 8.52435E-04 2.78707E-01 
1150 3.05206E-01 3.48210E-03 8.42511E-04 2.78643E-01 
1150 3.05147E-01 3.49763E-03 8.50342E-04 2.78593E-01 
1150 3.05199E-01 3.44590E-03 8.48522E-04 2.78679E-01 
1150 3.05151E-01 3.34956E-03 8.46324E-04 2.78781E-01 
1150 3.05165E-01 3.49095E-03 8.41995E-04 2.78591E-01 
1150 3.05162E-01 3.43686E-03 8.47076E-04 2.78705E-01 
1200 3.05206E-01 3.63994E-03 8.54126E-04 2.78739E-01 
1200 3.05272E-01 3.59981E-03 8.47147E-04 2.78797E-01 
1200 3.05320E-01 3.57708E-03 8.52617E-04 2.78783E-01 
1200 3.05256E-01 3.74176E-03 8.48426E-04 2.78646E-01 
1200 3.05196E-01 3.55356E-03 8.52675E-04 2.78840E-01 
1200 3.05233E-01 3.67499E-03 8.59546E-04 2.78672E-01 
1200 3.05196E-01 3.63707E-03 8.48650E-04 2.78735E-01 
1200 3.05196E-01 3.62743E-03 8.51661E-04 2.78731E-01 
1200 3.05286E-01 3.62197E-03 8.46337E-04 2.78737E-01 
1200 3.05314E-01 3.66133E-03 8.45617E-04 2.78681E-01 
1200 3.05184E-01 3.66692E-03 8.41644E-04 2.78689E-01 
1200 3.05243E-01 3.67431E-03 8.47153E-04 2.78701E-01 
1200 3.05283E-01 3.64867E-03 8.56218E-04 2.78725E-01 
1200 3.05246E-01 3.59480E-03 8.58376E-04 2.78755E-01 
1200 3.05170E-01 3.64607E-03 8.52774E-04 2.78685E-01 
1250 3.05450E-01 3.77152E-03 8.44485E-04 2.78831E-01 
1250 3.05342E-01 3.74451E-03 8.50718E-04 2.78880E-01 
1250 3.05240E-01 3.82361E-03 8.54076E-04 2.78813E-01 
1250 3.05303E-01 3.92110E-03 8.59212E-04 2.78694E-01 
1250 3.05297E-01 3.77602E-03 8.62742E-04 2.78846E-01 
1250 3.05320E-01 3.76511E-03 8.43163E-04 2.78870E-01 
1250 3.05251E-01 3.82957E-03 8.46067E-04 2.78796E-01 
1250 3.05279E-01 3.79718E-03 8.66682E-04 2.78831E-01 
1250 3.05299E-01 3.76278E-03 8.53898E-04 2.78873E-01 
1250 3.05350E-01 3.84420E-03 8.43659E-04 2.78769E-01 
1250 3.05280E-01 3.90876E-03 8.67487E-04 2.78701E-01 
1250 3.05207E-01 3.86565E-03 8.48297E-04 2.78746E-01 
1250 3.05251E-01 3.75283E-03 8.63568E-04 2.78868E-01 
1250 3.05325E-01 3.85545E-03 8.53188E-04 2.78761E-01 
1250 3.05270E-01 3.88088E-03 8.63051E-04 2.78717E-01 
1300 3.05408E-01 4.03105E-03 8.50157E-04 2.78796E-01 
1300 3.05381E-01 3.97834E-03 8.47983E-04 2.78882E-01 
1300 3.05388E-01 4.06066E-03 8.53692E-04 2.78820E-01 
1300 3.05418E-01 4.02790E-03 8.57838E-04 2.78866E-01 
1300 3.05411E-01 4.05046E-03 8.47000E-04 2.78795E-01 
1300 3.05478E-01 4.11403E-03 8.54991E-04 2.78734E-01 
1300 3.05409E-01 4.00568E-03 8.68340E-04 2.78857E-01 
1300 3.05382E-01 4.08099E-03 8.60519E-04 2.78786E-01 
1300 3.05350E-01 3.99419E-03 8.58412E-04 2.78902E-01 
1300 3.05347E-01 4.07893E-03 8.51263E-04 2.78811E-01 
1300 3.05376E-01 4.08900E-03 8.59237E-04 2.78768E-01 
1300 3.05367E-01 4.01664E-03 8.62220E-04 2.78834E-01 
1300 3.05345E-01 3.99697E-03 8.56255E-04 2.78843E-01 
1300 3.05343E-01 4.00493E-03 8.68581E-04 2.78868E-01 
1300 3.05419E-01 3.98700E-03 8.66014E-04 2.78860E-01 
1350 3.05556E-01 4.26530E-03 8.60899E-04 2.78826E-01 
1350 3.05415E-01 4.18259E-03 8.53927E-04 2.78958E-01 
1350 3.05420E-01 4.25838E-03 8.50825E-04 2.78849E-01 
1350 3.05425E-01 4.34031E-03 8.64884E-04 2.78764E-01 
1350 3.05472E-01 4.16129E-03 8.51792E-04 2.78934E-01 
1350 3.05409E-01 4.24274E-03 8.59398E-04 2.78829E-01 
1350 3.05486E-01 4.22593E-03 8.66752E-04 2.78870E-01 
1350 3.05420E-01 4.12353E-03 8.64702E-04 2.79023E-01 
1350 3.05483E-01 4.18445E-03 8.66688E-04 2.78942E-01 
1350 3.05417E-01 4.23500E-03 8.63249E-04 2.78878E-01 
1350 3.05477E-01 4.20172E-03 8.59722E-04 2.78928E-01 
1350 3.05436E-01 4.26429E-03 8.65945E-04 2.78877E-01 
1350 3.05461E-01 4.23680E-03 8.60439E-04 2.78843E-01 
1350 3.05470E-01 4.24390E-03 8.45360E-04 2.78865E-01 
1350 3.05410E-01 4.26253E-03 8.61629E-04 2.78878E-01 
1400 3.05591E-01 4.39835E-03 8.55114E-04 2.78955E-01 
1400 3.05554E-01 4.53660E-03 8.63614E-04 2.78799E-01 
1400 3.05529E-01 4.47786E-03 8.50606E-04 2.78815E-01 
1400 3.05605E-01 4.40657E-03 8.62437E-04 2.78907E-01 
1400 3.05617E-01 4.37771E-03 8.58993E-04 2.78990E-01 
1400 3.05426E-01 4.37786E-03 8.66798E-04 2.78988E-01 
1400 3.05526E-01 4.33136E-03 8.53569E-04 2.79028E-01 
1400 3.05506E-01 4.41380E-03 8.54489E-04 2.78949E-01 
1400 3.05530E-01 4.44602E-03 8.53360E-04 2.78944E-01 
1400 3.05525E-01 4.35261E-03 8.63490E-04 2.79008E-01 
1400 3.05553E-01 4.41895E-03 8.59402E-04 2.78950E-01 
1400 3.05504E-01 4.53202E-03 8.69854E-04 2.78806E-01 
1400 3.05526E-01 4.54468E-03 8.55695E-04 2.78834E-01 
1400 3.05426E-01 4.38042E-03 8.62734E-04 2.78969E-01 
1400 3.05473E-01 4.41385E-03 8.64239E-04 2.78923E-01 
1450 3.05549E-01 4.62765E-03 8.67271E-04 2.78918E-01 
1450 3.05594E-01 4.55737E-03 8.57011E-04 2.79056E-01 
1450 3.05544E-01 4.63456E-03 8.56209E-04 2.78940E-01 
1450 3.05571E-01 4.63388E-03 8.64391E-04 2.78898E-01 
1450 3.05576E-01 4.65474E-03 8.55921E-04 2.78959E-01 
1450 3.05561E-01 4.65322E-03 8.57515E-04 2.78957E-01 
1450 3.05562E-01 4.57493E-03 8.60281E-04 2.79023E-01 
1450 3.05594E-01 4.70292E-03 8.64587E-04 2.78838E-01 
1450 3.05595E-01 4.74461E-03 8.70695E-04 2.78815E-01 
1450 3.05538E-01 4.64533E-03 8.66601E-04 2.78930E-01 
1450 3.05512E-01 4.70730E-03 8.74556E-04 2.78848E-01 
1450 3.05548E-01 4.71922E-03 8.68195E-04 2.78884E-01 
1450 3.05578E-01 4.68008E-03 8.59765E-04 2.78901E-01 
1450 3.05617E-01 4.60453E-03 8.51635E-04 2.78985E-01 
1450 3.05565E-01 4.65558E-03 8.69825E-04 2.78933E-01 
1500 3.05582E-01 4.86227E-03 8.69103E-04 2.78975E-01 
1500 3.05576E-01 4.89241E-03 8.68752E-04 2.78889E-01 
1500 3.05789E-01 4.86114E-03 8.62938E-04 2.78919E-01 
1500 3.05586E-01 4.98372E-03 8.65276E-04 2.78816E-01 
1500 3.05644E-01 5.07997E-03 8.78786E-04 2.78731E-01 
1500 3.05620E-01 5.00917E-03 8.61837E-04 2.78818E-01 
1500 3.05574E-01 4.89698E-03 8.67149E-04 2.78889E-01 
1500 3.05642E-01 4.92669E-03 8.64342E-04 2.78890E-01 
1500 3.05607E-01 4.84290E-03 8.79041E-04 2.78970E-01 
1500 3.05618E-01 4.90945E-03 8.76376E-04 2.78890E-01 
1500 3.05666E-01 4.92159E-03 8.60592E-04 2.78891E-01 
1500 3.05698E-01 4.77175E-03 8.53911E-04 2.79019E-01 
1500 3.05599E-01 4.81875E-03 8.70533E-04 2.78996E-01 
1500 3.05549E-01 4.90632E-03 8.62402E-04 2.78886E-01 
1500 3.05641E-01 4.86271E-03 8.69940E-04 2.78949E-01 
