800 1.51435E+00 2.38598E+00 
800 1.51368E+00 2.33168E+00 
800 1.51596E+00 2.34936E+00 
800 1.50857E+00 2.35576E+00 
800 1.52150E+00 2.34960E+00 
800 1.51173E+00 2.32806E+00 
800 1.51689E+00 2.37391E+00 
800 1.50982E+00 2.35989E+00 
800 1.50938E+00 2.31281E+00 
800 1.50398E+00 2.36445E+00 
800 1.51275E+00 2.31946E+00 
800 1.51288E+00 2.33360E+00 
800 1.50955E+00 2.33999E+00 
800 1.51480E+00 2.34864E+00 
800 1.51537E+00 2.35647E+00 
850 1.52204E+00 2.33940E+00 
850 1.51840E+00 2.34416E+00 
850 1.52622E+00 2.33141E+00 
850 1.51535E+00 2.30600E+00 
850 1.52160E+00 2.37247E+00 
850 1.51811E+00 2.33577E+00 
850 1.52616E+00 2.33437E+00 
850 1.51409E+00 2.34395E+00 
850 1.51924E+00 2.33979E+00 
850 1.51348E+00 2.32048E+00 
850 1.52327E+00 2.30004E+00 
850 1.51600E+00 2.33153E+00 
850 1.51848E+00 2.32119E+00 
850 1.51757E+00 2.37002E+00 
850 1.51858E+00 2.37272E+00 
900 1.51967E+00 2.31807E+00 
900 1.52897E+00 2.31225E+00 
900 1.53096E+00 2.33447E+00 
900 1.52082E+00 2.35123E+00 
900 1.51777E+00 2.32006E+00 
900 1.52078E+00 2.30219E+00 
900 1.52633E+00 2.32642E+00 
900 1.52476E+00 2.33859E+00 
900 1.52590E+00 2.30534E+00 
900 1.52279E+00 2.31933E+00 
900 1.52375E+00 2.29868E+00 
900 1.53027E+00 2.31277E+00 
900 1.53261E+00 2.30228E+00 
900 1.52028E+00 2.32074E+00 
900 1.52225E+00 2.31390E+00 
950 1.53780E+00 2.31871E+00 
950 1.53216E+00 2.29338E+00 
950 1.53395E+00 2.31619E+00 
950 1.53180E+00 2.30601E+00 
950 1.52698E+00 2.34732E+00 
950 1.53104E+00 2.33009E+00 
950 1.52860E+00 2.31799E+00 
950 1.53156E+00 2.36885E+00 
950 1.53613E+00 2.32815E+00 
950 1.52803E+00 2.31120E+00 
950 1.52816E+00 2.32658E+00 
950 1.53546E+00 2.32641E+00 
950 1.53606E+00 2.31019E+00 
950 1.53100E+00 2.31693E+00 
950 1.52858E+00 2.32536E+00 
1000 1.54175E+00 2.28357E+00 
1000 1.53630E+00 2.32271E+00 
1000 1.53619E+00 2.32345E+00 
1000 1.54054E+00 2.29484E+00 
1000 1.52783E+00 2.30623E+00 
1000 1.53921E+00 2.35042E+00 
1000 1.53608E+00 2.28750E+00 
1000 1.53438E+00 2.32445E+00 
1000 1.53730E+00 2.30764E+00 
1000 1.54156E+00 2.29803E+00 
1000 1.54006E+00 2.31210E+00 
1000 1.53716E+00 2.31411E+00 
1000 1.53961E+00 2.27880E+00 
1000 1.54080E+00 2.28300E+00 
1000 1.53635E+00 2.30023E+00 
1050 1.54337E+00 2.25619E+00 
1050 1.54852E+00 2.29734E+00 
1050 1.54495E+00 2.28311E+00 
1050 1.54181E+00 2.29079E+00 
1050 1.53735E+00 2.28245E+00 
1050 1.53729E+00 2.27800E+00 
1050 1.54309E+00 2.29497E+00 
1050 1.53949E+00 2.29288E+00 
1050 1.54988E+00 2.25939E+00 
1050 1.54352E+00 2.31050E+00 
1050 1.54467E+00 2.27714E+00 
1050 1.54046E+00 2.25622E+00 
1050 1.54238E+00 2.27957E+00 
1050 1.54654E+00 2.27288E+00 
1050 1.54673E+00 2.32444E+00 
1100 1.54583E+00 2.25261E+00 
1100 1.54655E+00 2.25021E+00 
1100 1.55747E+00 2.28917E+00 
1100 1.54826E+00 2.33452E+00 
1100 1.55227E+00 2.28958E+00 
1100 1.54831E+00 2.27681E+00 
1100 1.55199E+00 2.32629E+00 
1100 1.55510E+00 2.27630E+00 
1100 1.55183E+00 2.26482E+00 
1100 1.54880E+00 2.27137E+00 
1100 1.55684E+00 2.28860E+00 
1100 1.55110E+00 2.30556E+00 
1100 1.54882E+00 2.27384E+00 
1100 1.54918E+00 2.28364E+00 
1100 1.55487E+00 2.30353E+00 
1150 1.55805E+00 2.25009E+00 
1150 1.55669E+00 2.27022E+00 
1150 1.54966E+00 2.23285E+00 
1150 1.55428E+00 2.24233E+00 
1150 1.55240E+00 2.23189E+00 
1150 1.55291E+00 2.30217E+00 
1150 1.55602E+00 2.21398E+00 
1150 1.55005E+00 2.24326E+00 
1150 1.54985E+00 2.28111E+00 
1150 1.55260E+00 2.26096E+00 
1150 1.55606E+00 2.25236E+00 
1150 1.55210E+00 2.28657E+00 
1150 1.55913E+00 2.29395E+00 
1150 1.55468E+00 2.22631E+00 
1150 1.54875E+00 2.24668E+00 
1200 1.56103E+00 2.25268E+00 
1200 1.55820E+00 2.26413E+00 
1200 1.55643E+00 2.28080E+00 
1200 1.56132E+00 2.26414E+00 
1200 1.56579E+00 2.28336E+00 
1200 1.55904E+00 2.25633E+00 
1200 1.55958E+00 2.27458E+00 
1200 1.56279E+00 2.23513E+00 
1200 1.56258E+00 2.23551E+00 
1200 1.56096E+00 2.24899E+00 
1200 1.55783E+00 2.25951E+00 
1200 1.55675E+00 2.22338E+00 
1200 1.56115E+00 2.25959E+00 
1200 1.55986E+00 2.25610E+00 
1200 1.56425E+00 2.26807E+00 
1250 1.56609E+00 2.26746E+00 
1250 1.56103E+00 2.25968E+00 
1250 1.56557E+00 2.25086E+00 
1250 1.56780E+00 2.21740E+00 
1250 1.56373E+00 2.26260E+00 
1250 1.55945E+00 2.26781E+00 
1250 1.56358E+00 2.25959E+00 
1250 1.55989E+00 2.24500E+00 
1250 1.56496E+00 2.21736E+00 
1250 1.56265E+00 2.20879E+00 
1250 1.56132E+00 2.24766E+00 
1250 1.57138E+00 2.28450E+00 
1250 1.57290E+00 2.22134E+00 
1250 1.56039E+00 2.24025E+00 
1250 1.56498E+00 2.25055E+00 
1300 1.56225E+00 2.20248E+00 
1300 1.56481E+00 2.21993E+00 
1300 1.56910E+00 2.25086E+00 
1300 1.56512E+00 2.26609E+00 
1300 1.56832E+00 2.22723E+00 
1300 1.56639E+00 2.22177E+00 
1300 1.57433E+00 2.23203E+00 
1300 1.57150E+00 2.23835E+00 
1300 1.57724E+00 2.24103E+00 
1300 1.57056E+00 2.25969E+00 
1300 1.57344E+00 2.20979E+00 
1300 1.57446E+00 2.21678E+00 
1300 1.56647E+00 2.23265E+00 
1300 1.57087E+00 2.23543E+00 
1300 1.57064E+00 2.26039E+00 
1350 1.57412E+00 2.21939E+00 
1350 1.57825E+00 2.24253E+00 
1350 1.57345E+00 2.27436E+00 
1350 1.56853E+00 2.20978E+00 
1350 1.57241E+00 2.24222E+00 
1350 1.57651E+00 2.24259E+00 
1350 1.57437E+00 2.23013E+00 
1350 1.58533E+00 2.25571E+00 
1350 1.57712E+00 2.24262E+00 
1350 1.57086E+00 2.20066E+00 
1350 1.57612E+00 2.27703E+00 
1350 1.57189E+00 2.24476E+00 
1350 1.57057E+00 2.22562E+00 
1350 1.57231E+00 2.21959E+00 
1350 1.57528E+00 2.22663E+00 
1400 1.57579E+00 2.19523E+00 
1400 1.58381E+00 2.18752E+00 
1400 1.57510E+00 2.22695E+00 
1400 1.58669E+00 2.21821E+00 
1400 1.57727E+00 2.24925E+00 
1400 1.57578E+00 2.19513E+00 
1400 1.58215E+00 2.23471E+00 
1400 1.57739E+00 2.22819E+00 
1400 1.57844E+00 2.22171E+00 
1400 1.57473E+00 2.23416E+00 
1400 1.57699E+00 2.26587E+00 
1400 1.58120E+00 2.22279E+00 
1400 1.57979E+00 2.20240E+00 
1400 1.58649E+00 2.25751E+00 
1400 1.58194E+00 2.19089E+00 
1450 1.58184E+00 2.24652E+00 
1450 1.58264E+00 2.24063E+00 
1450 1.58275E+00 2.19413E+00 
1450 1.57813E+00 2.18574E+00 
1450 1.57558E+00 2.21327E+00 
1450 1.58339E+00 2.20312E+00 
1450 1.58449E+00 2.19464E+00 
1450 1.59175E+00 2.17652E+00 
1450 1.58995E+00 2.22610E+00 
1450 1.58197E+00 2.21376E+00 
1450 1.58305E+00 2.14434E+00 
1450 1.57394E+00 2.22470E+00 
1450 1.57651E+00 2.21440E+00 
1450 1.58514E+00 2.20638E+00 
1450 1.58337E+00 2.19467E+00 
1500 1.58349E+00 2.18257E+00 
1500 1.58731E+00 2.17845E+00 
1500 1.58217E+00 2.20714E+00 
1500 1.58573E+00 2.20444E+00 
1500 1.58882E+00 2.17644E+00 
1500 1.58230E+00 2.18639E+00 
1500 1.58941E+00 2.18894E+00 
1500 1.58882E+00 2.18239E+00 
1500 1.58707E+00 2.22026E+00 
1500 1.58394E+00 2.19839E+00 
1500 1.59376E+00 2.19663E+00 
1500 1.58653E+00 2.20829E+00 
1500 1.58760E+00 2.20411E+00 
1500 1.58853E+00 2.18248E+00 
1500 1.59388E+00 2.19359E+00 
