800 6.27622E-08 1.96479E-06 
800 6.25026E-08 1.96018E-06 
800 6.25015E-08 1.96610E-06 
800 6.24648E-08 1.96052E-06 
800 6.25572E-08 1.96482E-06 
800 6.25877E-08 1.96343E-06 
800 6.26908E-08 1.96034E-06 
800 6.26001E-08 1.96573E-06 
800 6.25459E-08 1.96198E-06 
800 6.25854E-08 1.96410E-06 
800 6.26952E-08 1.96466E-06 
800 6.25676E-08 1.96409E-06 
800 6.26878E-08 1.96308E-06 
800 6.24173E-08 1.96157E-06 
800 6.25154E-08 1.95998E-06 
850 6.24282E-08 1.95162E-06 
850 6.23978E-08 1.96035E-06 
850 6.25054E-08 1.95772E-06 
850 6.25095E-08 1.95389E-06 
850 6.25893E-08 1.95683E-06 
850 6.23368E-08 1.95551E-06 
850 6.25016E-08 1.95580E-06 
850 6.25442E-08 1.95647E-06 
850 6.22999E-08 1.95589E-06 
850 6.24328E-08 1.95491E-06 
850 6.25143E-08 1.95342E-06 
850 6.23869E-08 1.95513E-06 
850 6.23982E-08 1.95532E-06 
850 6.23178E-08 1.95789E-06 
850 6.25014E-08 1.95927E-06 
900 6.21523E-08 1.94813E-06 
900 6.20562E-08 1.94862E-06 
900 6.22785E-08 1.95246E-06 
900 6.21428E-08 1.94805E-06 
900 6.21617E-08 1.94942E-06 
900 6.23238E-08 1.94806E-06 
900 6.22859E-08 1.95110E-06 
900 6.23290E-08 1.94948E-06 
900 6.23912E-08 1.94311E-06 
900 6.21449E-08 1.94890E-06 
900 6.22734E-08 1.94776E-06 
900 6.24088E-08 1.95219E-06 
900 6.20973E-08 1.95121E-06 
900 6.22173E-08 1.95146E-06 
900 6.22561E-08 1.95268E-06 
950 6.20178E-08 1.94525E-06 
950 6.20072E-08 1.94435E-06 
950 6.19733E-08 1.94645E-06 
950 6.20410E-08 1.94303E-06 
950 6.18540E-08 1.94078E-06 
950 6.20468E-08 1.94321E-06 
950 6.20130E-08 1.94117E-06 
950 6.22787E-08 1.94518E-06 
950 6.20579E-08 1.94598E-06 
950 6.19126E-08 1.94081E-06 
950 6.20623E-08 1.94375E-06 
950 6.20197E-08 1.94588E-06 
950 6.21398E-08 1.94224E-06 
950 6.20000E-08 1.94153E-06 
950 6.18544E-08 1.94568E-06 
1000 6.19314E-08 1.93489E-06 
1000 6.19805E-08 1.93814E-06 
1000 6.17668E-08 1.93616E-06 
1000 6.20326E-08 1.93815E-06 
1000 6.17818E-08 1.94024E-06 
1000 6.19927E-08 1.93679E-06 
1000 6.19130E-08 1.93736E-06 
1000 6.19997E-08 1.93709E-06 
1000 6.18446E-08 1.93675E-06 
1000 6.20018E-08 1.93476E-06 
1000 6.21015E-08 1.93860E-06 
1000 6.21822E-08 1.93896E-06 
1000 6.16984E-08 1.93772E-06 
1000 6.18280E-08 1.93596E-06 
1000 6.20289E-08 1.93710E-06 
1050 6.16161E-08 1.93059E-06 
1050 6.15916E-08 1.93199E-06 
1050 6.18563E-08 1.93194E-06 
1050 6.19745E-08 1.93114E-06 
1050 6.17809E-08 1.93283E-06 
1050 6.18330E-08 1.93105E-06 
1050 6.17612E-08 1.93273E-06 
1050 6.15932E-08 1.93603E-06 
1050 6.16818E-08 1.93115E-06 
1050 6.17303E-08 1.93467E-06 
1050 6.16062E-08 1.93598E-06 
1050 6.17586E-08 1.93089E-06 
1050 6.16077E-08 1.93021E-06 
1050 6.18002E-08 1.92976E-06 
1050 6.17621E-08 1.93022E-06 
1100 6.14059E-08 1.92628E-06 
1100 6.15571E-08 1.92091E-06 
1100 6.17002E-08 1.92592E-06 
1100 6.18088E-08 1.92467E-06 
1100 6.16092E-08 1.92529E-06 
1100 6.16097E-08 1.92537E-06 
1100 6.15674E-08 1.92801E-06 
1100 6.16547E-08 1.92350E-06 
1100 6.16446E-08 1.92855E-06 
1100 6.15611E-08 1.92541E-06 
1100 6.16451E-08 1.92689E-06 
1100 6.16136E-08 1.92845E-06 
1100 6.16084E-08 1.92613E-06 
1100 6.14808E-08 1.92265E-06 
1100 6.16915E-08 1.92542E-06 
1150 6.14882E-08 1.92141E-06 
1150 6.13337E-08 1.92324E-06 
1150 6.13013E-08 1.91775E-06 
1150 6.15684E-08 1.92312E-06 
1150 6.15511E-08 1.91998E-06 
1150 6.15128E-08 1.92026E-06 
1150 6.14509E-08 1.91669E-06 
1150 6.13885E-08 1.92255E-06 
1150 6.14801E-08 1.92234E-06 
1150 6.13727E-08 1.91989E-06 
1150 6.14125E-08 1.91673E-06 
1150 6.14802E-08 1.92030E-06 
1150 6.15104E-08 1.92160E-06 
1150 6.15228E-08 1.91461E-06 
1150 6.13598E-08 1.92107E-06 
1200 6.13458E-08 1.91621E-06 
1200 6.13775E-08 1.91708E-06 
1200 6.14201E-08 1.91387E-06 
1200 6.14193E-08 1.91732E-06 
1200 6.13757E-08 1.91735E-06 
1200 6.13360E-08 1.91217E-06 
1200 6.13564E-08 1.91490E-06 
1200 6.14380E-08 1.91385E-06 
1200 6.11909E-08 1.91372E-06 
1200 6.11838E-08 1.91226E-06 
1200 6.12988E-08 1.91406E-06 
1200 6.14218E-08 1.91529E-06 
1200 6.12533E-08 1.91484E-06 
1200 6.14936E-08 1.91324E-06 
1200 6.15942E-08 1.90973E-06 
1250 6.09584E-08 1.90714E-06 
1250 6.10606E-08 1.90912E-06 
1250 6.12741E-08 1.90982E-06 
1250 6.13200E-08 1.90757E-06 
1250 6.12083E-08 1.90954E-06 
1250 6.11137E-08 1.91036E-06 
1250 6.10433E-08 1.90959E-06 
1250 6.12963E-08 1.90995E-06 
1250 6.12338E-08 1.90993E-06 
1250 6.11228E-08 1.90722E-06 
1250 6.12676E-08 1.90708E-06 
1250 6.12669E-08 1.90801E-06 
1250 6.15531E-08 1.90878E-06 
1250 6.10489E-08 1.90852E-06 
1250 6.11114E-08 1.90591E-06 
1300 6.09090E-08 1.90049E-06 
1300 6.10903E-08 1.90325E-06 
1300 6.11777E-08 1.90375E-06 
1300 6.11482E-08 1.90654E-06 
1300 6.09486E-08 1.90234E-06 
1300 6.09768E-08 1.90165E-06 
1300 6.12231E-08 1.90212E-06 
1300 6.12008E-08 1.90270E-06 
1300 6.12949E-08 1.90604E-06 
1300 6.10485E-08 1.90591E-06 
1300 6.10310E-08 1.90220E-06 
1300 6.10719E-08 1.90192E-06 
1300 6.10628E-08 1.90107E-06 
1300 6.10848E-08 1.90465E-06 
1300 6.10377E-08 1.90220E-06 
1350 6.09203E-08 1.89709E-06 
1350 6.09165E-08 1.90094E-06 
1350 6.08262E-08 1.89679E-06 
1350 6.09331E-08 1.89654E-06 
1350 6.10102E-08 1.89748E-06 
1350 6.11244E-08 1.89497E-06 
1350 6.10330E-08 1.89622E-06 
1350 6.10115E-08 1.90168E-06 
1350 6.11011E-08 1.89965E-06 
1350 6.11473E-08 1.89895E-06 
1350 6.09711E-08 1.90055E-06 
1350 6.09219E-08 1.90099E-06 
1350 6.08929E-08 1.89450E-06 
1350 6.10250E-08 1.89765E-06 
1350 6.08696E-08 1.90124E-06 
1400 6.07898E-08 1.89339E-06 
1400 6.08894E-08 1.89095E-06 
1400 6.06757E-08 1.88882E-06 
1400 6.09208E-08 1.89019E-06 
1400 6.07728E-08 1.89420E-06 
1400 6.09935E-08 1.89397E-06 
1400 6.08663E-08 1.89396E-06 
1400 6.08178E-08 1.89329E-06 
1400 6.08388E-08 1.89635E-06 
1400 6.08296E-08 1.89276E-06 
1400 6.06826E-08 1.89451E-06 
1400 6.10894E-08 1.89211E-06 
1400 6.09159E-08 1.89394E-06 
1400 6.09945E-08 1.89388E-06 
1400 6.09267E-08 1.89109E-06 
1450 6.08561E-08 1.88406E-06 
1450 6.04385E-08 1.89082E-06 
1450 6.08174E-08 1.88685E-06 
1450 6.08084E-08 1.88324E-06 
1450 6.06569E-08 1.89013E-06 
1450 6.06506E-08 1.88986E-06 
1450 6.07730E-08 1.88905E-06 
1450 6.08339E-08 1.88420E-06 
1450 6.08128E-08 1.88513E-06 
1450 6.07131E-08 1.88632E-06 
1450 6.06620E-08 1.88467E-06 
1450 6.07763E-08 1.88910E-06 
1450 6.06754E-08 1.88686E-06 
1450 6.07677E-08 1.88752E-06 
1450 6.08275E-08 1.88718E-06 
1500 6.06955E-08 1.88378E-06 
1500 6.06939E-08 1.87992E-06 
1500 6.05772E-08 1.88030E-06 
1500 6.08063E-08 1.88094E-06 
1500 6.06169E-08 1.88117E-06 
1500 6.07201E-08 1.88391E-06 
1500 6.08972E-08 1.87909E-06 
1500 6.05754E-08 1.88337E-06 
1500 6.06720E-08 1.88362E-06 
1500 6.07580E-08 1.88113E-06 
1500 6.07501E-08 1.88384E-06 
1500 6.04941E-08 1.88106E-06 
1500 6.05835E-08 1.88359E-06 
1500 6.06536E-08 1.88026E-06 
1500 6.07833E-08 1.88317E-06 
