800 1.04639E-02 4.64609E-02 
800 1.04770E-02 4.64304E-02 
800 1.04706E-02 4.64926E-02 
800 1.04557E-02 4.64019E-02 
800 1.04524E-02 4.64886E-02 
800 1.04477E-02 4.64338E-02 
800 1.04574E-02 4.63483E-02 
800 1.04404E-02 4.64561E-02 
800 1.04540E-02 4.63586E-02 
800 1.04489E-02 4.64083E-02 
800 1.04648E-02 4.64181E-02 
800 1.04410E-02 4.64159E-02 
800 1.04578E-02 4.64180E-02 
800 1.04580E-02 4.64431E-02 
800 1.04541E-02 4.63598E-02 
850 1.05071E-02 4.63991E-02 
850 1.04830E-02 4.65569E-02 
850 1.05129E-02 4.64956E-02 
850 1.04970E-02 4.63664E-02 
850 1.05059E-02 4.63923E-02 
850 1.04967E-02 4.63709E-02 
850 1.05148E-02 4.64081E-02 
850 1.04890E-02 4.64674E-02 
850 1.04943E-02 4.63779E-02 
850 1.04667E-02 4.64183E-02 
850 1.05260E-02 4.63656E-02 
850 1.04945E-02 4.64251E-02 
850 1.04795E-02 4.64050E-02 
850 1.05005E-02 4.64476E-02 
850 1.05033E-02 4.65760E-02 
900 1.05238E-02 4.64669E-02 
900 1.05702E-02 4.64618E-02 
900 1.05293E-02 4.65215E-02 
900 1.05208E-02 4.64544E-02 
900 1.05267E-02 4.65116E-02 
900 1.05324E-02 4.64569E-02 
900 1.05460E-02 4.64969E-02 
900 1.05372E-02 4.64986E-02 
900 1.05455E-02 4.63670E-02 
900 1.05322E-02 4.64599E-02 
900 1.05296E-02 4.64218E-02 
900 1.05542E-02 4.65224E-02 
900 1.05365E-02 4.65319E-02 
900 1.05367E-02 4.65173E-02 
900 1.05285E-02 4.66361E-02 
950 1.05902E-02 4.65093E-02 
950 1.05723E-02 4.65373E-02 
950 1.05661E-02 4.65349E-02 
950 1.05787E-02 4.65513E-02 
950 1.05545E-02 4.64924E-02 
950 1.05847E-02 4.65187E-02 
950 1.05779E-02 4.65062E-02 
950 1.05821E-02 4.65478E-02 
950 1.05716E-02 4.65558E-02 
950 1.05662E-02 4.64394E-02 
950 1.05663E-02 4.65178E-02 
950 1.05805E-02 4.66354E-02 
950 1.05781E-02 4.65239E-02 
950 1.05542E-02 4.65056E-02 
950 1.05789E-02 4.65894E-02 
1000 1.06366E-02 4.65648E-02 
1000 1.06310E-02 4.66005E-02 
1000 1.06130E-02 4.65901E-02 
1000 1.06199E-02 4.65822E-02 
1000 1.05962E-02 4.65185E-02 
1000 1.06189E-02 4.65176E-02 
1000 1.06044E-02 4.65405E-02 
1000 1.06242E-02 4.64940E-02 
1000 1.06249E-02 4.65331E-02 
1000 1.06400E-02 4.65409E-02 
1000 1.06242E-02 4.65869E-02 
1000 1.06446E-02 4.65547E-02 
1000 1.06070E-02 4.66407E-02 
1000 1.06189E-02 4.64502E-02 
1000 1.06049E-02 4.66395E-02 
1050 1.06548E-02 4.66306E-02 
1050 1.06727E-02 4.66505E-02 
1050 1.06601E-02 4.66182E-02 
1050 1.06715E-02 4.67019E-02 
1050 1.06490E-02 4.67166E-02 
1050 1.06338E-02 4.64846E-02 
1050 1.06610E-02 4.66313E-02 
1050 1.06271E-02 4.66584E-02 
1050 1.06738E-02 4.67663E-02 
1050 1.06437E-02 4.67138E-02 
1050 1.06474E-02 4.67648E-02 
1050 1.06515E-02 4.66097E-02 
1050 1.06365E-02 4.66761E-02 
1050 1.06584E-02 4.65985E-02 
1050 1.06597E-02 4.66850E-02 
1100 1.06779E-02 4.66898E-02 
1100 1.06812E-02 4.66082E-02 
1100 1.07100E-02 4.67183E-02 
1100 1.06813E-02 4.66975E-02 
1100 1.06840E-02 4.66612E-02 
1100 1.06946E-02 4.67660E-02 
1100 1.07063E-02 4.67084E-02 
1100 1.07111E-02 4.67505E-02 
1100 1.06918E-02 4.66680E-02 
1100 1.06923E-02 4.66742E-02 
1100 1.07023E-02 4.66354E-02 
1100 1.06890E-02 4.67477E-02 
1100 1.06948E-02 4.66766E-02 
1100 1.06934E-02 4.66303E-02 
1100 1.06770E-02 4.66645E-02 
1150 1.07433E-02 4.68652E-02 
1150 1.07277E-02 4.68212E-02 
1150 1.06972E-02 4.67947E-02 
1150 1.07245E-02 4.68458E-02 
1150 1.07176E-02 4.67869E-02 
1150 1.07085E-02 4.66866E-02 
1150 1.07522E-02 4.67194E-02 
1150 1.07291E-02 4.68592E-02 
1150 1.07169E-02 4.68467E-02 
1150 1.07100E-02 4.68345E-02 
1150 1.07192E-02 4.67810E-02 
1150 1.07293E-02 4.68056E-02 
1150 1.07177E-02 4.67366E-02 
1150 1.07207E-02 4.67297E-02 
1150 1.07111E-02 4.68151E-02 
1200 1.07680E-02 4.68981E-02 
1200 1.07634E-02 4.68803E-02 
1200 1.07748E-02 4.67862E-02 
1200 1.07480E-02 4.70237E-02 
1200 1.07722E-02 4.68389E-02 
1200 1.07484E-02 4.68494E-02 
1200 1.07561E-02 4.68688E-02 
1200 1.07652E-02 4.68365E-02 
1200 1.07646E-02 4.68280E-02 
1200 1.07440E-02 4.68361E-02 
1200 1.07460E-02 4.68798E-02 
1200 1.07399E-02 4.69149E-02 
1200 1.07657E-02 4.68799E-02 
1200 1.07676E-02 4.67898E-02 
1200 1.07743E-02 4.67680E-02 
1250 1.08031E-02 4.68489E-02 
1250 1.07727E-02 4.68615E-02 
1250 1.07848E-02 4.69584E-02 
1250 1.07810E-02 4.70073E-02 
1250 1.07900E-02 4.69024E-02 
1250 1.07750E-02 4.69107E-02 
1250 1.07769E-02 4.69566E-02 
1250 1.08003E-02 4.69329E-02 
1250 1.08018E-02 4.69010E-02 
1250 1.07880E-02 4.69219E-02 
1250 1.08086E-02 4.69845E-02 
1250 1.07892E-02 4.69609E-02 
1250 1.08306E-02 4.68647E-02 
1250 1.07951E-02 4.69612E-02 
1250 1.07922E-02 4.69315E-02 
1300 1.08166E-02 4.69652E-02 
1300 1.08129E-02 4.69723E-02 
1300 1.08193E-02 4.70683E-02 
1300 1.08136E-02 4.70934E-02 
1300 1.07821E-02 4.70249E-02 
1300 1.08238E-02 4.70742E-02 
1300 1.08503E-02 4.69788E-02 
1300 1.08359E-02 4.70661E-02 
1300 1.08344E-02 4.70504E-02 
1300 1.08188E-02 4.71311E-02 
1300 1.08378E-02 4.70631E-02 
1300 1.08155E-02 4.69834E-02 
1300 1.08057E-02 4.69461E-02 
1300 1.08175E-02 4.70302E-02 
1300 1.08136E-02 4.69592E-02 
1350 1.08692E-02 4.71290E-02 
1350 1.08726E-02 4.71325E-02 
1350 1.08478E-02 4.71195E-02 
1350 1.08529E-02 4.71966E-02 
1350 1.08435E-02 4.70342E-02 
1350 1.08663E-02 4.70616E-02 
1350 1.08721E-02 4.70733E-02 
1350 1.08713E-02 4.70878E-02 
1350 1.08594E-02 4.71033E-02 
1350 1.08583E-02 4.71400E-02 
1350 1.08552E-02 4.71416E-02 
1350 1.08511E-02 4.72132E-02 
1350 1.08504E-02 4.70477E-02 
1350 1.08367E-02 4.71223E-02 
1350 1.08474E-02 4.72161E-02 
1400 1.08939E-02 4.71865E-02 
1400 1.09067E-02 4.72729E-02 
1400 1.08714E-02 4.71658E-02 
1400 1.09004E-02 4.71232E-02 
1400 1.08896E-02 4.71823E-02 
1400 1.08766E-02 4.71796E-02 
1400 1.08975E-02 4.71303E-02 
1400 1.08730E-02 4.72014E-02 
1400 1.08759E-02 4.72986E-02 
1400 1.08743E-02 4.71294E-02 
1400 1.08787E-02 4.72300E-02 
1400 1.08997E-02 4.72918E-02 
1400 1.08845E-02 4.73484E-02 
1400 1.09011E-02 4.71763E-02 
1400 1.08928E-02 4.71518E-02 
1450 1.09321E-02 4.72164E-02 
1450 1.08980E-02 4.72901E-02 
1450 1.09028E-02 4.72828E-02 
1450 1.09103E-02 4.72041E-02 
1450 1.08777E-02 4.73745E-02 
1450 1.08877E-02 4.73662E-02 
1450 1.09030E-02 4.72699E-02 
1450 1.09236E-02 4.72937E-02 
1450 1.09351E-02 4.73558E-02 
1450 1.08947E-02 4.72830E-02 
1450 1.09071E-02 4.73088E-02 
1450 1.09019E-02 4.74187E-02 
1450 1.08998E-02 4.73291E-02 
1450 1.09129E-02 4.72686E-02 
1450 1.09150E-02 4.73126E-02 
1500 1.09495E-02 4.74345E-02 
1500 1.09564E-02 4.73811E-02 
1500 1.09366E-02 4.73579E-02 
1500 1.09376E-02 4.74947E-02 
1500 1.09431E-02 4.75967E-02 
1500 1.09367E-02 4.75836E-02 
1500 1.09470E-02 4.73697E-02 
1500 1.09409E-02 4.74873E-02 
1500 1.09415E-02 4.74082E-02 
1500 1.09540E-02 4.74244E-02 
1500 1.09491E-02 4.74924E-02 
1500 1.09361E-02 4.72846E-02 
1500 1.09430E-02 4.73859E-02 
1500 1.09357E-02 4.74018E-02 
1500 1.09649E-02 4.74182E-02 
