800 3.25668E-03 2.91288E-02 
800 3.24854E-03 2.90671E-02 
800 3.25382E-03 2.91520E-02 
800 3.24587E-03 2.90727E-02 
800 3.25048E-03 2.91299E-02 
800 3.24461E-03 2.91143E-02 
800 3.25767E-03 2.90706E-02 
800 3.25536E-03 2.91449E-02 
800 3.25190E-03 2.90932E-02 
800 3.25335E-03 2.91240E-02 
800 3.25775E-03 2.91286E-02 
800 3.25328E-03 2.91241E-02 
800 3.25342E-03 2.91103E-02 
800 3.24800E-03 2.90886E-02 
800 3.25015E-03 2.90665E-02 
850 3.24567E-03 2.89509E-02 
850 3.24064E-03 2.90725E-02 
850 3.25109E-03 2.90374E-02 
850 3.25436E-03 2.89793E-02 
850 3.25515E-03 2.90214E-02 
850 3.24380E-03 2.90049E-02 
850 3.24700E-03 2.90101E-02 
850 3.25105E-03 2.90188E-02 
850 3.23790E-03 2.90098E-02 
850 3.23942E-03 2.89972E-02 
850 3.25303E-03 2.89780E-02 
850 3.24269E-03 2.89999E-02 
850 3.24297E-03 2.90026E-02 
850 3.24174E-03 2.90378E-02 
850 3.24948E-03 2.90567E-02 
900 3.22756E-03 2.88972E-02 
900 3.22168E-03 2.89033E-02 
900 3.23581E-03 2.89562E-02 
900 3.22626E-03 2.88960E-02 
900 3.22948E-03 2.89139E-02 
900 3.24140E-03 2.88954E-02 
900 3.23778E-03 2.89348E-02 
900 3.23615E-03 2.89122E-02 
900 3.23884E-03 2.88292E-02 
900 3.23081E-03 2.89064E-02 
900 3.23734E-03 2.88908E-02 
900 3.24170E-03 2.89512E-02 
900 3.23091E-03 2.89379E-02 
900 3.23158E-03 2.89399E-02 
900 3.23286E-03 2.89579E-02 
950 3.22433E-03 2.88624E-02 
950 3.22110E-03 2.88490E-02 
950 3.22283E-03 2.88777E-02 
950 3.22409E-03 2.88354E-02 
950 3.21389E-03 2.88027E-02 
950 3.22673E-03 2.88380E-02 
950 3.22244E-03 2.88082E-02 
950 3.23339E-03 2.88647E-02 
950 3.22414E-03 2.88752E-02 
950 3.21558E-03 2.88064E-02 
950 3.22293E-03 2.88464E-02 
950 3.22321E-03 2.88715E-02 
950 3.23102E-03 2.88246E-02 
950 3.22328E-03 2.88142E-02 
950 3.21533E-03 2.88713E-02 
1000 3.21833E-03 2.87250E-02 
1000 3.21359E-03 2.87700E-02 
1000 3.21051E-03 2.87405E-02 
1000 3.22107E-03 2.87692E-02 
1000 3.21375E-03 2.87968E-02 
1000 3.22287E-03 2.87465E-02 
1000 3.21210E-03 2.87580E-02 
1000 3.22745E-03 2.87543E-02 
1000 3.21285E-03 2.87492E-02 
1000 3.22049E-03 2.87232E-02 
1000 3.22516E-03 2.87782E-02 
1000 3.22767E-03 2.87779E-02 
1000 3.21034E-03 2.87648E-02 
1000 3.21941E-03 2.87411E-02 
1000 3.21898E-03 2.87537E-02 
1050 3.20692E-03 2.86667E-02 
1050 3.20543E-03 2.86865E-02 
1050 3.21381E-03 2.86882E-02 
1050 3.21638E-03 2.86752E-02 
1050 3.21913E-03 2.86975E-02 
1050 3.20901E-03 2.86739E-02 
1050 3.20467E-03 2.86989E-02 
1050 3.20507E-03 2.87413E-02 
1050 3.21278E-03 2.86754E-02 
1050 3.20716E-03 2.87215E-02 
1050 3.20008E-03 2.87428E-02 
1050 3.20824E-03 2.86709E-02 
1050 3.20770E-03 2.86675E-02 
1050 3.21184E-03 2.86574E-02 
1050 3.20836E-03 2.86618E-02 
1100 3.19909E-03 2.86106E-02 
1100 3.20148E-03 2.85364E-02 
1100 3.20350E-03 2.86055E-02 
1100 3.20710E-03 2.85879E-02 
1100 3.20334E-03 2.85920E-02 
1100 3.20346E-03 2.85988E-02 
1100 3.20259E-03 2.86335E-02 
1100 3.20160E-03 2.85758E-02 
1100 3.20732E-03 2.86399E-02 
1100 3.19931E-03 2.85997E-02 
1100 3.20752E-03 2.86190E-02 
1100 3.19983E-03 2.86354E-02 
1100 3.19845E-03 2.86121E-02 
1100 3.19532E-03 2.85618E-02 
1100 3.20727E-03 2.86000E-02 
1150 3.19387E-03 2.85480E-02 
1150 3.18429E-03 2.85710E-02 
1150 3.18538E-03 2.84959E-02 
1150 3.20168E-03 2.85685E-02 
1150 3.19593E-03 2.85268E-02 
1150 3.19527E-03 2.85302E-02 
1150 3.19527E-03 2.84785E-02 
1150 3.18730E-03 2.85602E-02 
1150 3.19531E-03 2.85600E-02 
1150 3.18932E-03 2.85264E-02 
1150 3.19763E-03 2.84826E-02 
1150 3.19510E-03 2.85299E-02 
1150 3.19568E-03 2.85467E-02 
1150 3.19629E-03 2.84550E-02 
1150 3.18874E-03 2.85439E-02 
1200 3.18500E-03 2.84636E-02 
1200 3.18401E-03 2.84817E-02 
1200 3.18909E-03 2.84353E-02 
1200 3.18860E-03 2.84801E-02 
1200 3.19219E-03 2.84845E-02 
1200 3.18353E-03 2.84125E-02 
1200 3.18660E-03 2.84501E-02 
1200 3.19048E-03 2.84354E-02 
1200 3.17527E-03 2.84327E-02 
1200 3.18268E-03 2.84143E-02 
1200 3.18312E-03 2.84377E-02 
1200 3.19248E-03 2.84564E-02 
1200 3.18825E-03 2.84497E-02 
1200 3.19273E-03 2.84251E-02 
1200 3.19177E-03 2.83805E-02 
1250 3.16905E-03 2.83533E-02 
1250 3.17095E-03 2.83768E-02 
1250 3.18048E-03 2.83910E-02 
1250 3.18607E-03 2.83584E-02 
1250 3.18057E-03 2.83823E-02 
1250 3.17675E-03 2.83966E-02 
1250 3.17036E-03 2.83818E-02 
1250 3.18331E-03 2.83890E-02 
1250 3.18410E-03 2.83932E-02 
1250 3.17729E-03 2.83514E-02 
1250 3.18338E-03 2.83517E-02 
1250 3.18501E-03 2.83641E-02 
1250 3.19711E-03 2.83743E-02 
1250 3.17143E-03 2.83705E-02 
1250 3.17644E-03 2.83368E-02 
1300 3.15840E-03 2.82614E-02 
1300 3.17569E-03 2.82994E-02 
1300 3.17743E-03 2.83097E-02 
1300 3.17820E-03 2.83453E-02 
1300 3.16577E-03 2.82864E-02 
1300 3.17126E-03 2.82795E-02 
1300 3.17844E-03 2.82882E-02 
1300 3.17339E-03 2.82963E-02 
1300 3.18194E-03 2.83399E-02 
1300 3.17179E-03 2.83372E-02 
1300 3.17014E-03 2.82891E-02 
1300 3.16996E-03 2.82820E-02 
1300 3.17317E-03 2.82726E-02 
1300 3.17078E-03 2.83188E-02 
1300 3.17002E-03 2.82862E-02 
1350 3.16062E-03 2.82182E-02 
1350 3.16365E-03 2.82737E-02 
1350 3.16327E-03 2.82184E-02 
1350 3.16714E-03 2.82155E-02 
1350 3.16725E-03 2.82243E-02 
1350 3.17838E-03 2.81888E-02 
1350 3.16746E-03 2.82101E-02 
1350 3.16895E-03 2.82818E-02 
1350 3.16591E-03 2.82538E-02 
1350 3.17201E-03 2.82455E-02 
1350 3.16614E-03 2.82656E-02 
1350 3.16101E-03 2.82712E-02 
1350 3.16203E-03 2.81840E-02 
1350 3.16893E-03 2.82297E-02 
1350 3.16170E-03 2.82757E-02 
1400 3.15861E-03 2.81694E-02 
1400 3.16370E-03 2.81395E-02 
1400 3.15293E-03 2.81066E-02 
1400 3.16226E-03 2.81238E-02 
1400 3.15725E-03 2.81816E-02 
1400 3.16231E-03 2.81793E-02 
1400 3.16464E-03 2.81776E-02 
1400 3.15819E-03 2.81718E-02 
1400 3.15457E-03 2.82130E-02 
1400 3.15704E-03 2.81654E-02 
1400 3.14969E-03 2.81858E-02 
1400 3.16930E-03 2.81533E-02 
1400 3.16043E-03 2.81851E-02 
1400 3.16638E-03 2.81738E-02 
1400 3.16021E-03 2.81400E-02 
1450 3.15655E-03 2.80462E-02 
1450 3.14031E-03 2.81350E-02 
1450 3.15584E-03 2.80836E-02 
1450 3.15799E-03 2.80337E-02 
1450 3.15059E-03 2.81294E-02 
1450 3.14905E-03 2.81246E-02 
1450 3.15337E-03 2.81127E-02 
1450 3.15761E-03 2.80468E-02 
1450 3.15830E-03 2.80594E-02 
1450 3.15134E-03 2.80759E-02 
1450 3.15396E-03 2.80537E-02 
1450 3.15434E-03 2.81171E-02 
1450 3.14878E-03 2.80849E-02 
1450 3.15839E-03 2.80927E-02 
1450 3.15092E-03 2.80902E-02 
1500 3.14766E-03 2.80363E-02 
1500 3.15777E-03 2.79828E-02 
1500 3.14799E-03 2.79873E-02 
1500 3.16104E-03 2.79972E-02 
1500 3.14611E-03 2.80038E-02 
1500 3.14682E-03 2.80383E-02 
1500 3.15852E-03 2.79759E-02 
1500 3.14782E-03 2.80274E-02 
1500 3.14456E-03 2.80303E-02 
1500 3.15045E-03 2.79992E-02 
1500 3.15900E-03 2.80333E-02 
1500 3.14172E-03 2.79972E-02 
1500 3.14259E-03 2.80321E-02 
1500 3.14849E-03 2.79876E-02 
1500 3.15333E-03 2.80220E-02 
