800 8.10735E-03 7.24641E-02 
800 8.08715E-03 7.23105E-02 
800 8.10032E-03 7.25217E-02 
800 8.08050E-03 7.23245E-02 
800 8.09199E-03 7.24667E-02 
800 8.07740E-03 7.24280E-02 
800 8.10981E-03 7.23193E-02 
800 8.10405E-03 7.25041E-02 
800 8.09552E-03 7.23756E-02 
800 8.09905E-03 7.24520E-02 
800 8.11009E-03 7.24635E-02 
800 8.09893E-03 7.24522E-02 
800 8.09925E-03 7.24180E-02 
800 8.08580E-03 7.23639E-02 
800 8.09119E-03 7.23090E-02 
850 8.08001E-03 7.20215E-02 
850 8.06744E-03 7.23240E-02 
850 8.09349E-03 7.22367E-02 
850 8.10157E-03 7.20920E-02 
850 8.10359E-03 7.21969E-02 
850 8.07536E-03 7.21558E-02 
850 8.08331E-03 7.21688E-02 
850 8.09334E-03 7.21903E-02 
850 8.06063E-03 7.21679E-02 
850 8.06446E-03 7.21367E-02 
850 8.09828E-03 7.20889E-02 
850 8.07254E-03 7.21433E-02 
850 8.07322E-03 7.21501E-02 
850 8.07018E-03 7.22377E-02 
850 8.08942E-03 7.22846E-02 
900 8.03494E-03 7.18880E-02 
900 8.02036E-03 7.19029E-02 
900 8.05550E-03 7.20347E-02 
900 8.03174E-03 7.18849E-02 
900 8.03968E-03 7.19295E-02 
900 8.06932E-03 7.18834E-02 
900 8.06036E-03 7.19813E-02 
900 8.05630E-03 7.19251E-02 
900 8.06295E-03 7.17188E-02 
900 8.04304E-03 7.19108E-02 
900 8.05922E-03 7.18719E-02 
900 8.07012E-03 7.20221E-02 
900 8.04321E-03 7.19890E-02 
900 8.04500E-03 7.19941E-02 
900 8.04813E-03 7.20389E-02 
950 8.02691E-03 7.18012E-02 
950 8.01890E-03 7.17680E-02 
950 8.02319E-03 7.18393E-02 
950 8.02628E-03 7.17342E-02 
950 8.00087E-03 7.16526E-02 
950 8.03291E-03 7.17406E-02 
950 8.02216E-03 7.16663E-02 
950 8.04944E-03 7.18071E-02 
950 8.02639E-03 7.18332E-02 
950 8.00518E-03 7.16619E-02 
950 8.02333E-03 7.17616E-02 
950 8.02407E-03 7.18239E-02 
950 8.04358E-03 7.17072E-02 
950 8.02423E-03 7.16813E-02 
950 8.00443E-03 7.18235E-02 
1000 8.01200E-03 7.14596E-02 
1000 8.00016E-03 7.15714E-02 
1000 7.99260E-03 7.14981E-02 
1000 8.01879E-03 7.15695E-02 
1000 8.00050E-03 7.16382E-02 
1000 8.02325E-03 7.15131E-02 
1000 7.99652E-03 7.15414E-02 
1000 8.03470E-03 7.15323E-02 
1000 7.99837E-03 7.15197E-02 
1000 8.01738E-03 7.14549E-02 
1000 8.02898E-03 7.15917E-02 
1000 8.03528E-03 7.15911E-02 
1000 7.99207E-03 7.15586E-02 
1000 8.01468E-03 7.14995E-02 
1000 8.01358E-03 7.15310E-02 
1050 7.98360E-03 7.13143E-02 
1050 7.97982E-03 7.13637E-02 
1050 8.00075E-03 7.13680E-02 
1050 8.00708E-03 7.13357E-02 
1050 8.01400E-03 7.13911E-02 
1050 7.98877E-03 7.13324E-02 
1050 7.97801E-03 7.13945E-02 
1050 7.97904E-03 7.15000E-02 
1050 7.99816E-03 7.13362E-02 
1050 7.98418E-03 7.14507E-02 
1050 7.96659E-03 7.15038E-02 
1050 7.98692E-03 7.13248E-02 
1050 7.98551E-03 7.13164E-02 
1050 7.99580E-03 7.12913E-02 
1050 7.98720E-03 7.13021E-02 
1100 7.96411E-03 7.11750E-02 
1100 7.97007E-03 7.09904E-02 
1100 7.97507E-03 7.11622E-02 
1100 7.98404E-03 7.11185E-02 
1100 7.97470E-03 7.11287E-02 
1100 7.97501E-03 7.11456E-02 
1100 7.97282E-03 7.12320E-02 
1100 7.97041E-03 7.10884E-02 
1100 7.98457E-03 7.12478E-02 
1100 7.96471E-03 7.11477E-02 
1100 7.98503E-03 7.11959E-02 
1100 7.96602E-03 7.12365E-02 
1100 7.96253E-03 7.11786E-02 
1100 7.95480E-03 7.10536E-02 
1100 7.98450E-03 7.11484E-02 
1150 7.95116E-03 7.10191E-02 
1150 7.92731E-03 7.10764E-02 
1150 7.93006E-03 7.08894E-02 
1150 7.97054E-03 7.10701E-02 
1150 7.95625E-03 7.09663E-02 
1150 7.95470E-03 7.09748E-02 
1150 7.95458E-03 7.08461E-02 
1150 7.93477E-03 7.10494E-02 
1150 7.95470E-03 7.10491E-02 
1150 7.93977E-03 7.09654E-02 
1150 7.96049E-03 7.08564E-02 
1150 7.95414E-03 7.09740E-02 
1150 7.95560E-03 7.10158E-02 
1150 7.95713E-03 7.07879E-02 
1150 7.93842E-03 7.10090E-02 
1200 7.92909E-03 7.08091E-02 
1200 7.92660E-03 7.08542E-02 
1200 7.93916E-03 7.07387E-02 
1200 7.93815E-03 7.08503E-02 
1200 7.94698E-03 7.08611E-02 
1200 7.92547E-03 7.06821E-02 
1200 7.93303E-03 7.07755E-02 
1200 7.94274E-03 7.07391E-02 
1200 7.90484E-03 7.07324E-02 
1200 7.92331E-03 7.06865E-02 
1200 7.92435E-03 7.07446E-02 
1200 7.94763E-03 7.07913E-02 
1200 7.93713E-03 7.07747E-02 
1200 7.94835E-03 7.07133E-02 
1200 7.94588E-03 7.06024E-02 
1250 7.88937E-03 7.05348E-02 
1250 7.89401E-03 7.05932E-02 
1250 7.91782E-03 7.06287E-02 
1250 7.93172E-03 7.05476E-02 
1250 7.91802E-03 7.06070E-02 
1250 7.90850E-03 7.06424E-02 
1250 7.89267E-03 7.06058E-02 
1250 7.92483E-03 7.06235E-02 
1250 7.92684E-03 7.06342E-02 
1250 7.90983E-03 7.05300E-02 
1250 7.92501E-03 7.05308E-02 
1250 7.92910E-03 7.05617E-02 
1250 7.95923E-03 7.05871E-02 
1250 7.89527E-03 7.05777E-02 
1250 7.90775E-03 7.04937E-02 
1300 7.86288E-03 7.03061E-02 
1300 7.90595E-03 7.04007E-02 
1300 7.91022E-03 7.04263E-02 
1300 7.91215E-03 7.05148E-02 
1300 7.88126E-03 7.03684E-02 
1300 7.89481E-03 7.03513E-02 
1300 7.91273E-03 7.03728E-02 
1300 7.90022E-03 7.03929E-02 
1300 7.92148E-03 7.05015E-02 
1300 7.89623E-03 7.04947E-02 
1300 7.89213E-03 7.03750E-02 
1300 7.89164E-03 7.03574E-02 
1300 7.89970E-03 7.03341E-02 
1300 7.89376E-03 7.04489E-02 
1300 7.89178E-03 7.03679E-02 
1350 7.86833E-03 7.01987E-02 
1350 7.87599E-03 7.03369E-02 
1350 7.87500E-03 7.01991E-02 
1350 7.88470E-03 7.01921E-02 
1350 7.88484E-03 7.02139E-02 
1350 7.91262E-03 7.01257E-02 
1350 7.88538E-03 7.01785E-02 
1350 7.88919E-03 7.03569E-02 
1350 7.88156E-03 7.02873E-02 
1350 7.89672E-03 7.02666E-02 
1350 7.88214E-03 7.03165E-02 
1350 7.86934E-03 7.03306E-02 
1350 7.87190E-03 7.01137E-02 
1350 7.88910E-03 7.02274E-02 
1350 7.87109E-03 7.03417E-02 
1400 7.86341E-03 7.00774E-02 
1400 7.87606E-03 7.00028E-02 
1400 7.84929E-03 6.99210E-02 
1400 7.87254E-03 6.99638E-02 
1400 7.86009E-03 7.01075E-02 
1400 7.87259E-03 7.01019E-02 
1400 7.87845E-03 7.00977E-02 
1400 7.86239E-03 7.00833E-02 
1400 7.85340E-03 7.01858E-02 
1400 7.85955E-03 7.00674E-02 
1400 7.84125E-03 7.01181E-02 
1400 7.88996E-03 7.00372E-02 
1400 7.86798E-03 7.01164E-02 
1400 7.88274E-03 7.00882E-02 
1400 7.86735E-03 7.00041E-02 
1450 7.85837E-03 6.97708E-02 
1450 7.81794E-03 6.99917E-02 
1450 7.85654E-03 6.98638E-02 
1450 7.86186E-03 6.97397E-02 
1450 7.84345E-03 6.99779E-02 
1450 7.83968E-03 6.99659E-02 
1450 7.85045E-03 6.99363E-02 
1450 7.86090E-03 6.97722E-02 
1450 7.86270E-03 6.98037E-02 
1450 7.84540E-03 6.98446E-02 
1450 7.85182E-03 6.97895E-02 
1450 7.85277E-03 6.99471E-02 
1450 7.83897E-03 6.98670E-02 
1450 7.86282E-03 6.98865E-02 
1450 7.84438E-03 6.98803E-02 
1500 7.83620E-03 6.97463E-02 
1500 7.86136E-03 6.96132E-02 
1500 7.83701E-03 6.96244E-02 
1500 7.86952E-03 6.96489E-02 
1500 7.83233E-03 6.96653E-02 
1500 7.83412E-03 6.97511E-02 
1500 7.86319E-03 6.95959E-02 
1500 7.83663E-03 6.97241E-02 
1500 7.82855E-03 6.97313E-02 
1500 7.84314E-03 6.96538E-02 
1500 7.86437E-03 6.97388E-02 
1500 7.82140E-03 6.96490E-02 
1500 7.82356E-03 6.97358E-02 
1500 7.83832E-03 6.96250E-02 
1500 7.85028E-03 6.97106E-02 
