-0.000626636923077 53.4261956923
-0.000201736615385 4.68647886154
6.30883076923e-07 0.00998424369231
2.035e-06 0.04453064
-1.18878307692e-07 0.00333321283077
-1.42556615385e-06 0.0301999686154
9.36923076927e-08 2.48939003077
7.3723903128e-19 2.48771
-2.95638307692e-07 0.00829765043077
-3.54648153846e-06 0.0751289061538
-1.36923076915e-06 199.243396923
1.57277660006e-17 199.273
9.30176923077e-05 1.44486803077
-0.000173214307692 2.47153763077
-2.13913692308e-12 6.40091276923e-08
-1.06797384615e-10 2.04539073846e-06
