datapath=/home/andrei2/serpent/xsdata/jeff32/ACEs_900K
atomic weight ratios
1001 0.999167
1002 1.996800
1003 2.989596
2000 3.968220
2003 2.989032
2004 3.968219
3006 5.963400
3007 6.955732
4007 6.954500
4009 8.934780
5010 9.926921
5011 10.914700
6000 11.898000
6012 11.896900
7014 13.882780
7015 14.871000
8016 15.857510
8017 16.853100
9019 18.834999
11022 21.805500
11023 22.792000
12000 24.096300
12024 23.778999
12025 24.771200
12026 25.759399
13027 26.749750
14000 27.844299
14028 27.737000
14029 28.728001
14030 29.716000
15031 30.708000
16000 31.788799
16032 31.697300
16033 32.687801
16034 33.676201
16036 35.658001
17000 35.147999
17035 34.668449
17037 36.648300
18036 35.658501
18038 37.636600
18040 39.619099
19000 38.765999
19039 38.629299
19040 39.620701
19041 40.610100
20000 39.736000
20040 39.619301
20042 41.598179
20043 42.589729
20044 43.577881
20046 45.558929
20048 47.540600
21045 44.567902
22000 47.467602
22046 45.557899
22047 46.548401
22048 47.556000
22049 48.527401
22050 49.515701
23000 50.504002
23051 50.506302
24000 51.549198
24050 49.516998
24052 51.493999
24053 52.486000
24054 53.476002
25055 54.466099
26000 55.367001
26054 53.476002
26056 55.453999
26057 56.445999
26058 57.436001
27058 57.438099
27059 58.426899
27358 57.438099
28000 58.183800
28058 57.438000
28059 58.428101
28060 59.416000
28061 60.408001
28062 61.396000
28064 63.379002
29000 62.999699
29063 62.389000
29065 64.370003
30000 64.834000
30064 63.379902
31000 69.121101
31069 68.333603
31071 70.315002
32000 72.008202
32070 69.323601
32072 71.304199
32073 72.296997
32074 73.286201
32076 75.269203
33074 73.288902
33075 74.278000
34074 73.287498
34076 75.266998
34077 76.259102
34078 77.247902
34079 78.240501
34080 79.230003
34082 81.212997
35079 78.240303
35081 80.221199
36078 77.250999
36080 79.229897
36082 81.209801
36083 82.202003
36084 83.190697
36085 84.183098
36086 85.172600
37085 84.182404
37086 85.173103
37087 86.162598
38084 83.192596
38086 85.171303
38087 86.162300
38088 87.150002
38089 88.143997
38090 89.135300
39089 88.142097
39090 89.134804
39091 90.126404
40000 90.435997
40090 89.132401
40091 90.124702
40092 91.115501
40093 92.108398
40094 93.099602
40095 94.092697
40096 95.084396
41093 92.105103
41094 93.100601
41095 94.091499
42000 95.115997
42092 91.117302
42094 93.098396
42095 94.090599
42096 95.080803
42097 96.073502
42098 97.064301
42099 98.057999
42100 99.049004
43099 98.056602
44096 95.083702
44098 97.064201
44099 98.056198
44100 99.045998
44101 100.039001
44102 101.029999
44103 102.019997
44104 103.010002
44105 104.010002
44106 104.997002
45103 102.021004
45105 104.000000
46102 101.030197
46104 103.011398
46105 104.003998
46106 104.993698
46107 105.987000
46108 106.976898
46110 108.960999
47000 106.942001
47107 105.987000
47109 107.969002
47111 109.953003
47310 108.961998
48000 111.459999
48106 104.996002
48108 106.976997
48110 108.959000
48111 109.950996
48112 110.942001
48113 111.930000
48114 112.925003
48116 114.908997
48315 113.917999
49000 113.834000
49113 111.933998
49115 113.917000
50000 117.320000
50112 110.944000
50113 111.934998
50114 112.925003
50115 113.916000
50116 114.905998
50117 115.899002
50118 116.889000
50119 117.882004
50120 118.872002
50122 120.856003
50123 121.849998
50124 122.841003
50125 123.834999
50126 124.825996
51000 120.711998
51121 119.870003
51123 121.849998
51124 122.842003
51125 123.832001
51126 124.825996
52120 118.874001
52122 120.856003
52123 121.848000
52124 122.838997
52125 123.831001
52126 124.820999
52128 126.805000
52130 128.789993
52132 130.774994
52327 125.815002
52329 127.800003
53127 125.814301
53129 127.797997
53130 128.791000
53131 129.781006
53135 133.750000
54123 121.849998
54124 122.839996
54126 124.821999
54128 126.804001
54129 127.797997
54130 128.787994
54131 129.781006
54132 130.770004
54133 131.764008
54134 132.759995
54135 133.748001
54136 134.740005
55133 131.764008
55134 132.757004
55135 133.746994
55136 134.738998
55137 135.731003
56130 128.789993
56132 130.772003
56133 131.764008
56134 132.753998
56135 133.746994
56136 134.737000
56137 135.729996
56138 136.720001
56140 138.707993
57138 136.722000
57139 137.710007
57140 138.707993
58136 134.740005
58138 136.720993
58139 137.712997
58140 138.703995
58141 139.699997
58142 140.690002
58143 141.684998
58144 142.677994
59141 139.697006
59142 140.690994
59143 141.682999
60142 140.688995
60143 141.682007
60144 142.673996
60145 143.667999
60146 144.660004
60147 145.654007
60148 146.645996
60150 148.632996
61147 145.653000
61148 146.645996
61149 147.639008
61151 149.625000
61348 146.649994
62000 152.677002
62144 142.675995
62147 145.653000
62148 146.643997
62149 147.638000
62150 148.628998
62151 149.623001
62152 150.615005
62153 151.608002
62154 152.600006
63000 150.658997
63151 149.619995
63152 150.617004
63153 151.608002
63154 152.600006
63155 153.589996
63156 154.585999
63157 155.576996
64000 156.567001
64152 150.615005
64153 151.608002
64154 152.598999
64155 153.591995
64156 154.582993
64157 155.576004
64158 156.567001
64160 158.552994
65159 157.559998
65160 158.552994
66156 154.585007
66158 156.567993
66160 158.550995
66161 159.544006
66162 160.535995
66163 161.529007
66164 162.520996
67165 163.513000
67366 164.507004
68162 160.537994
68164 162.520996
68166 164.505005
68167 165.498001
68168 166.487000
68170 168.475998
71000 173.460007
71175 173.438004
71176 174.429993
72000 176.953995
72174 172.445999
72176 174.429993
72177 175.423004
72178 176.414993
72179 177.408997
72180 178.401001
73181 179.399994
73182 180.386993
74000 182.276993
74182 180.389999
74183 181.380005
74184 182.369995
74186 184.360001
75000 184.606995
75185 183.363998
75187 185.350006
76000 188.570007
77000 190.059998
77191 189.320007
77193 191.304993
78000 193.414001
79197 195.274002
80000 198.869995
80196 194.281998
80198 196.266006
80199 197.259003
80200 198.250000
80201 199.244003
80202 200.235992
80204 202.220993
81000 202.630005
82000 205.434998
82204 202.220795
82206 204.205002
82207 205.197906
82208 206.190002
83209 207.184998
88223 221.102997
88224 222.095993
88225 223.091003
88226 224.084000
89225 223.089996
89226 224.084000
89227 225.076996
90227 225.076996
90228 226.070007
90229 227.063995
90230 228.059998
90232 230.044998
90233 231.039993
90234 232.033005
91231 229.050995
91232 230.044998
91233 231.037994
92232 230.043793
92233 231.037704
92234 232.030396
92235 233.024796
92236 234.017807
92237 235.012405
92238 236.005798
92239 237.000702
92240 237.994400
92241 238.989502
93235 233.024994
93236 234.018997
93237 235.011795
93238 236.005997
93239 236.998993
94236 234.018005
94237 235.011993
94238 236.004501
94239 236.998596
94240 237.992004
94241 238.977997
94242 239.979004
94243 240.973999
94244 241.968002
94246 243.955994
95241 238.985992
95242 239.980103
95243 240.973404
95244 241.968002
95342 239.980103
95344 241.968002
96240 237.992996
96241 238.987000
96242 239.979004
96243 240.973007
96244 241.966003
96245 242.960007
96246 243.953003
96247 244.947998
96248 245.940994
96249 246.936005
96250 247.929993
97247 244.947998
97249 246.940002
97250 247.929993
98249 246.940002
98250 247.927994
98251 248.923004
98252 249.916000
98253 250.910004
98254 251.904999
99253 250.910004
99254 251.904999
99255 252.899002
100255 252.899002
directory
