%=============== Bottom part of axial reflector
% --- Surfaces (core pitch = 10.16 cm): Zone I-A
surf 502  cyl 0.0 0.0 4.953                 % Graphite round outer wall

% --- Cells: Universe 1: Zone I-A
cell 5101  51  fuel  -1                        % Fuel hole
cell 5102  51  moder 1 -502 4 5 6 7 8 9 10 11    % Graphite block
cell 5103  51  fuel 502 -3 4 5 6 7 8 9 10 11    % Fuel salt outside graphite block
cell 5104  51  moder -4                        % Left-upper graphite element
cell 5105  51  moder -5                        % Right-bottom graphite element
cell 5106  51  moder -6                        % Left-bottom graphite element
cell 5107  51  moder -7                        % Left-bottom graphite element
cell 5108  51  moder -8                        % replay part of left-upper graphite element
cell 5109  51  moder -9                        % replay part of right-bottom graphite element
cell 5110 51  moder -10                       % replay part of right-upper graphite element
cell 5111 51  moder -11                       % replay part of left-bottom graphite element
cell 5112 51  outside   3                     % Outside world


% --- Lattice (45x45, round molten salt+fuel channel and graphite around)
% square lattice=1, x0=0, y0=0, 17 el   | x- | ir&y-dir, grid step 10.16 cm
lat 500 1 0 0 45 45 10.16
5 5 5 5 5 5 5 5 5 5 5 5 5 5 5 5 5 6 2 2 2 2 2 2 2 2 2 9 5 5 5 5 5 5 5 5 5 5 5 5 5 5 5 5 5 
5 5 5 5 5 5 5 5 5 5 5 5 5 6 2 2 2 2 51 51 51 51 51 51 51 51 51 2 2 2 2 9 5 5 5 5 5 5 5 5 5 5 5 5 5 
5 5 5 5 5 5 5 5 5 5 5 6 2 2 51 51 51 51 51 51 51 51 51 51 51 51 51 51 51 51 51 2 2 9 5 5 5 5 5 5 5 5 5 5 5 
5 5 5 5 5 5 5 5 5 5 6 2 51 51 51 51 51 51 51 51 51 51 51 51 51 51 51 51 51 51 51 51 51 2 9 5 5 5 5 5 5 5 5 5 5 
5 5 5 5 5 5 5 5 5 6 2 51 51 51 51 51 51 51 51 51 51 51 51 51 51 51 51 51 51 51 51 51 51 51 2 9 5 5 5 5 5 5 5 5 5 
5 5 5 5 5 5 5 5 6 2 51 51 51 51 51 51 51 51 51 51 51 51 51 51 51 51 51 51 51 51 51 51 51 51 51 2 9 5 5 5 5 5 5 5 5 
5 5 5 5 5 5 5 6 2 51 51 51 51 51 51 51 51 51 51 51 51 51 51 51 51 51 51 51 51 51 51 51 51 51 51 51 2 9 5 5 5 5 5 5 5 
5 5 5 5 5 5 6 2 51 51 51 51 51 51 51 51 51 51 51 51 51 51 51 51 51 51 51 51 51 51 51 51 51 51 51 51 51 2 9 5 5 5 5 5 5 
5 5 5 5 5 6 2 51 51 51 51 51 51 51 51 51 51 51 51 51 51 51 51 51 51 51 51 51 51 51 51 51 51 51 51 51 51 51 2 9 5 5 5 5 5 
5 5 5 5 6 2 51 51 51 51 51 51 51 51 51 51 51 51 51 51 51 51 51 51 51 51 51 51 51 51 51 51 51 51 51 51 51 51 51 2 9 5 5 5 5 
5 5 5 6 2 51 51 51 51 51 51 51 51 51 51 51 51 51 51 51 51 51 51 51 51 51 51 51 51 51 51 51 51 51 51 51 51 51 51 51 2 9 5 5 5 
5 5 6 2 51 51 51 51 51 51 51 51 51 51 51 51 51 51 51 51 51 51 51 51 51 51 51 51 51 51 51 51 51 51 51 51 51 51 51 51 1 2 9 5 5 
5 5 2 51 51 51 51 51 51 51 51 51 51 51 51 51 51 51 51 51 51 51 51 51 51 51 51 51 51 51 51 51 51 51 51 51 51 51 51 51 51 51 2 5 5 
5 6 2 51 51 51 51 51 51 51 51 51 51 51 51 51 51 51 51 51 51 51 51 51 51 51 51 51 51 51 51 51 51 51 51 51 51 51 51 51 51 51 2 9 5 
5 2 51 51 51 51 51 51 51 51 51 51 51 51 51 51 51 51 51 51 51 51 51 51 51 51 51 51 51 51 51 51 51 51 51 51 51 51 51 51 51 51 51 2 5 
5 2 51 51 51 51 51 51 51 51 51 51 51 51 51 51 51 51 51 51 51 51 51 51 51 51 51 51 51 51 51 51 51 51 51 51 51 51 51 51 51 51 51 2 5 
5 2 51 51 51 51 51 51 51 51 51 51 51 51 51 51 51 51 51 51 51 51 51 51 51 51 51 51 51 51 51 51 51 51 51 51 51 51 51 51 51 51 51 2 5 
6 2 51 51 51 51 51 51 51 51 51 51 51 51 51 51 51 51 51 51 51 51 51 51 51 51 51 51 51 51 51 51 51 51 51 51 51 51 51 51 51 51 51 2 9 
2 51 51 51 51 51 51 51 51 51 51 51 51 51 51 51 51 51 51 51 51 51 51 51 51 51 51 51 51 51 51 51 51 51 51 51 51 51 51 51 51 51 51 51 2 
2 51 51 51 51 51 51 51 51 51 51 51 51 51 51 51 51 51 51 51 51 51 51 51 51 51 51 51 51 51 51 51 51 51 51 51 51 51 51 51 51 51 51 51 2 
2 51 51 51 51 51 51 51 51 51 51 51 51 51 51 51 51 51 51 51 51 51 51 51 51 51 51 51 51 51 51 51 51 51 51 51 51 51 51 51 51 51 51 51 2 
2 51 51 51 51 51 51 51 51 51 51 51 51 51 51 51 51 51 51 51 51 51 51 51 51 51 51 51 51 51 51 51 51 51 51 51 51 51 51 51 51 51 51 51 2 
2 51 51 51 51 51 51 51 51 51 51 51 51 51 51 51 51 51 51 51 51 51 51 51 51 51 51 51 51 51 51 51 51 51 51 51 51 51 51 51 51 51 51 51 2 
2 51 51 51 51 51 51 51 51 51 51 51 51 51 51 51 51 51 51 51 51 51 51 51 51 51 51 51 51 51 51 51 51 51 51 51 51 51 51 51 51 51 51 51 2 
2 51 51 51 51 51 51 51 51 51 51 51 51 51 51 51 51 51 51 51 51 51 51 51 51 51 51 51 51 51 51 51 51 51 51 51 51 51 51 51 51 51 51 51 2 
2 51 51 51 51 51 51 51 51 51 51 51 51 51 51 51 51 51 51 51 51 51 51 51 51 51 51 51 51 51 51 51 51 51 51 51 51 51 51 51 51 51 51 51 2 
2 51 51 51 51 51 51 51 51 51 51 51 51 51 51 51 51 51 51 51 51 51 51 51 51 51 51 51 51 51 51 51 51 51 51 51 51 51 51 51 51 51 51 51 2 
8 2 51 51 51 51 51 51 51 51 51 51 51 51 51 51 51 51 51 51 51 51 51 51 51 51 51 51 51 51 51 51 51 51 51 51 51 51 51 51 51 51 51 2 7 
5 2 51 51 51 51 51 51 51 51 51 51 51 51 51 51 51 51 51 51 51 51 51 51 51 51 51 51 51 51 51 51 51 51 51 51 51 51 51 51 51 51 51 2 5 
5 2 51 51 51 51 51 51 51 51 51 51 51 51 51 51 51 51 51 51 51 51 51 51 51 51 51 51 51 51 51 51 51 51 51 51 51 51 51 51 51 51 51 2 5 
5 2 51 51 51 51 51 51 51 51 51 51 51 51 51 51 51 51 51 51 51 51 51 51 51 51 51 51 51 51 51 51 51 51 51 51 51 51 51 51 51 51 51 2 5 
5 8 2 51 51 51 51 51 51 51 51 51 51 51 51 51 51 51 51 51 51 51 51 51 51 51 51 51 51 51 51 51 51 51 51 51 51 51 51 51 51 51 2 7 5 
5 5 2 51 51 51 51 51 51 51 51 51 51 51 51 51 51 51 51 51 51 51 51 51 51 51 51 51 51 51 51 51 51 51 51 51 51 51 51 51 51 51 2 5 5 
5 5 8 2 51 51 51 51 51 51 51 51 51 51 51 51 51 51 51 51 51 51 51 51 51 51 51 51 51 51 51 51 51 51 51 51 51 51 51 51 51 2 7 5 5 
5 5 5 8 2 51 51 51 51 51 51 51 51 51 51 51 51 51 51 51 51 51 51 51 51 51 51 51 51 51 51 51 51 51 51 51 51 51 51 51 2 7 5 5 5 
5 5 5 5 8 2 51 51 51 51 51 51 51 51 51 51 51 51 51 51 51 51 51 51 51 51 51 51 51 51 51 51 51 51 51 51 51 51 51 2 7 5 5 5 5 
5 5 5 5 5 8 2 51 51 51 51 51 51 51 51 51 51 51 51 51 51 51 51 51 51 51 51 51 51 51 51 51 51 51 51 51 51 51 2 7 5 5 5 5 5 
5 5 5 5 5 5 8 2 51 51 51 51 51 51 51 51 51 51 51 51 51 51 51 51 51 51 51 51 51 51 51 51 51 51 51 51 51 2 7 5 5 5 5 5 5 
5 5 5 5 5 5 5 8 2 51 51 51 51 51 51 51 51 51 51 51 51 51 51 51 51 51 51 51 51 51 51 51 51 51 51 51 2 7 5 5 5 5 5 5 5 
5 5 5 5 5 5 5 5 8 2 51 51 51 51 51 51 51 51 51 51 51 51 51 51 51 51 51 51 51 51 51 51 51 51 51 2 7 5 5 5 5 5 5 5 5 
5 5 5 5 5 5 5 5 5 8 2 51 51 51 51 51 51 51 51 51 51 51 51 51 51 51 51 51 51 51 51 51 51 51 2 7 5 5 5 5 5 5 5 5 5 
5 5 5 5 5 5 5 5 5 5 8 2 51 51 51 51 51 51 51 51 51 51 51 51 51 51 51 51 51 51 51 51 51 2 7 5 5 5 5 5 5 5 5 5 5 
5 5 5 5 5 5 5 5 5 5 5 8 2 2 51 51 51 51 51 51 51 51 51 51 51 51 51 51 51 1 1 2 2 7 5 5 5 5 5 5 5 5 5 5 5 
5 5 5 5 5 5 5 5 5 5 5 5 5 8 2 2 2 2 51 51 51 51 51 51 51 51 51 2 2 2 2 7 5 5 5 5 5 5 5 5 5 5 5 5 5 
5 5 5 5 5 5 5 5 5 5 5 5 5 5 5 5 5 8 2 2 2 2 2 2 2 2 2 7 5 5 5 5 5 5 5 5 5 5 5 5 5 5 5 5 5 

% --- Surfaces:
%surf 3012  pz  22.86                  % Bottom reflector heigh (9inches)
surf 5012  pz  22.86                  % Bottom reflector heigh (9inches)
% --- Cells:
cell 5303  5000    fill 400 -3003 3011 -5012
cell 5305  5000    fuel -3004 3002 3011 -5012
cell 5306  5000    moder -3005 3004 3011 -5012
cell 5310  5000    outside   3005  3011 -5012
cell 5311  5000    outside   -3011
cell 5312  5000    outside   5012

cell 5330  5000    fill 500 3104 -3103 3003 3011 -5012        % inside smaller octader, smallest
cell 5331  5000    fill 500 -3104 3003 3011 -5012	          % inside smallest

cell 5300  5000    fill 500 -3100 3103 3104 3003 3011 -5012   % inside base octader, deducted smaller and smallest

cell 5350  5000    fill 10  -3002 3103 3104 3100 3011 -5012   % radial reflector lattice


%=============== Vertical stack  lattice============================