750 3.92024E-01 1.06550E-03 3.76498E-03 4.45915E-01 
800 3.92042E-01 1.05632E-03 3.75879E-03 4.45931E-01 
850 3.92131E-01 1.05392E-03 3.76315E-03 4.45944E-01 
900 3.92205E-01 1.04761E-03 3.76675E-03 4.45960E-01 
950 3.92167E-01 1.03983E-03 3.74747E-03 4.45951E-01 
1000 3.92145E-01 1.05353E-03 3.76640E-03 4.45911E-01 
750 3.92024E-01 1.06550E-03 3.76498E-03 4.45915E-01 
800 3.92042E-01 1.05632E-03 3.75879E-03 4.45931E-01 
850 3.92131E-01 1.05392E-03 3.76315E-03 4.45944E-01 
900 3.92205E-01 1.04761E-03 3.76675E-03 4.45960E-01 
950 3.92167E-01 1.03983E-03 3.74747E-03 4.45951E-01 
1000 3.92145E-01 1.05353E-03 3.76640E-03 4.45911E-01 
