750 3.91706E-01 1.04608E-03 3.82125E-03 4.45685E-01 
800 3.91738E-01 1.02870E-03 3.80722E-03 4.45684E-01 
850 3.91692E-01 1.05024E-03 3.81022E-03 4.45677E-01 
900 3.91613E-01 1.04666E-03 3.81860E-03 4.45692E-01 
950 3.91679E-01 1.04490E-03 3.80963E-03 4.45688E-01 
1000 3.91726E-01 1.03580E-03 3.80807E-03 4.45692E-01 
750 3.91706E-01 1.04608E-03 3.82125E-03 4.45685E-01 
800 3.91738E-01 1.02870E-03 3.80722E-03 4.45684E-01 
850 3.91692E-01 1.05024E-03 3.81022E-03 4.45677E-01 
900 3.91613E-01 1.04666E-03 3.81860E-03 4.45692E-01 
950 3.91679E-01 1.04490E-03 3.80963E-03 4.45688E-01 
1000 3.91726E-01 1.03580E-03 3.80807E-03 4.45692E-01 
