850 2.08308E-03 3.71456E-02 
850 2.08218E-03 3.71698E-02 
850 2.08255E-03 3.71171E-02 
850 2.08315E-03 3.71640E-02 
900 2.05501E-03 3.64968E-02 
900 2.05675E-03 3.65067E-02 
900 2.05594E-03 3.65529E-02 
900 2.05403E-03 3.65304E-02 
950 2.02751E-03 3.58768E-02 
950 2.03311E-03 3.58811E-02 
950 2.02987E-03 3.59142E-02 
950 2.03236E-03 3.58904E-02 
1000 2.00450E-03 3.53034E-02 
1000 2.00643E-03 3.53059E-02 
1000 2.00521E-03 3.52532E-02 
1000 2.00605E-03 3.52830E-02 
1050 1.98218E-03 3.46989E-02 
1100 1.95465E-03 3.40778E-02 
1150 1.92654E-03 3.34992E-02 
1200 1.90234E-03 3.29000E-02 
1250 1.87777E-03 3.23717E-02 
1300 1.85122E-03 3.18491E-02 
1350 1.82571E-03 3.12978E-02 
1400 1.80164E-03 3.07491E-02 
1450 1.77674E-03 3.02483E-02 
1500 1.75109E-03 2.97163E-02 
1550 1.72570E-03 2.92209E-02 
