850 3.59235E-03 1.99640E-02 
850 3.57492E-03 2.00011E-02 
850 3.58864E-03 1.99753E-02 
850 3.58926E-03 1.99750E-02 
900 3.54810E-03 1.97350E-02 
900 3.55656E-03 1.97400E-02 
900 3.55700E-03 1.97500E-02 
900 3.55757E-03 1.97443E-02 
950 3.51664E-03 1.95138E-02 
950 3.50767E-03 1.95205E-02 
950 3.50628E-03 1.95252E-02 
950 3.52117E-03 1.95237E-02 
1000 3.47903E-03 1.92675E-02 
1000 3.48463E-03 1.92923E-02 
1000 3.48262E-03 1.92780E-02 
1000 3.49681E-03 1.92737E-02 
1050 3.46715E-03 1.90701E-02 
1100 3.43206E-03 1.88461E-02 
1150 3.39582E-03 1.86150E-02 
1200 3.36633E-03 1.84028E-02 
1250 3.32837E-03 1.82089E-02 
1300 3.30451E-03 1.80437E-02 
1350 3.26012E-03 1.78465E-02 
1400 3.23918E-03 1.76502E-02 
1450 3.19796E-03 1.74709E-02 
1500 3.17261E-03 1.72955E-02 
1550 3.13709E-03 1.71229E-02 
