850 6.35957E+01 2.44229E+01 
850 6.35156E+01 2.43853E+01 
850 6.34725E+01 2.43255E+01 
850 6.35983E+01 2.44169E+01 
900 6.35456E+01 2.45889E+01 
900 6.36939E+01 2.46971E+01 
900 6.35519E+01 2.46805E+01 
900 6.35819E+01 2.47277E+01 
950 6.36708E+01 2.50040E+01 
950 6.37531E+01 2.49882E+01 
950 6.39496E+01 2.50086E+01 
950 6.38282E+01 2.50162E+01 
1000 6.38099E+01 2.53025E+01 
1000 6.39041E+01 2.53260E+01 
1000 6.39346E+01 2.52279E+01 
1000 6.39698E+01 2.52747E+01 
1050 6.40509E+01 2.55703E+01 
1100 6.41226E+01 2.59168E+01 
1150 6.43189E+01 2.60978E+01 
1200 6.44784E+01 2.64261E+01 
1250 6.47149E+01 2.67393E+01 
1300 6.49037E+01 2.70264E+01 
1350 6.49369E+01 2.73726E+01 
1400 6.49827E+01 2.76916E+01 
1450 6.51641E+01 2.80344E+01 
1500 6.51552E+01 2.83058E+01 
1550 6.53493E+01 2.86406E+01 
