750 3.91577E-01 1.03845E-03 3.82000E-03 4.45671E-01 
800 3.91607E-01 1.03460E-03 3.82689E-03 4.45636E-01 
850 3.91619E-01 1.02651E-03 3.81576E-03 4.45644E-01 
900 3.91617E-01 1.03609E-03 3.82444E-03 4.45649E-01 
950 3.91603E-01 1.04849E-03 3.82498E-03 4.45607E-01 
1000 3.91666E-01 1.04266E-03 3.80344E-03 4.45630E-01 
750 3.91577E-01 1.03845E-03 3.82000E-03 4.45671E-01 
800 3.91607E-01 1.03460E-03 3.82689E-03 4.45636E-01 
850 3.91619E-01 1.02651E-03 3.81576E-03 4.45644E-01 
900 3.91617E-01 1.03609E-03 3.82444E-03 4.45649E-01 
950 3.91603E-01 1.04849E-03 3.82498E-03 4.45607E-01 
1000 3.91666E-01 1.04266E-03 3.80344E-03 4.45630E-01 
