850 8.55001E-04 1.52474E-02 
850 8.54633E-04 1.52573E-02 
850 8.54785E-04 1.52356E-02 
850 8.55034E-04 1.52549E-02 
900 8.43478E-04 1.49811E-02 
900 8.44189E-04 1.49851E-02 
900 8.43860E-04 1.50041E-02 
900 8.43074E-04 1.49948E-02 
950 8.32184E-04 1.47266E-02 
950 8.34487E-04 1.47283E-02 
950 8.33155E-04 1.47419E-02 
950 8.34178E-04 1.47321E-02 
1000 8.22740E-04 1.44912E-02 
1000 8.23530E-04 1.44922E-02 
1000 8.23031E-04 1.44706E-02 
1000 8.23382E-04 1.44828E-02 
1050 8.13581E-04 1.42431E-02 
1100 8.02274E-04 1.39881E-02 
1150 7.90734E-04 1.37506E-02 
1200 7.80799E-04 1.35047E-02 
1250 7.70709E-04 1.32878E-02 
1300 7.59813E-04 1.30733E-02 
1350 7.49340E-04 1.28470E-02 
1400 7.39458E-04 1.26218E-02 
1450 7.29234E-04 1.24162E-02 
1500 7.18707E-04 1.21978E-02 
1550 7.08288E-04 1.19945E-02 
