800 5.26420E+01 4.39846E+00 
850 5.27858E+01 4.44303E+00 
900 5.28843E+01 4.50801E+00 
950 5.29770E+01 4.54971E+00 
1000 5.30679E+01 4.59311E+00 
1050 5.32109E+01 4.64873E+00 
1100 5.33483E+01 4.68107E+00 
1150 5.34478E+01 4.75609E+00 
1200 5.35281E+01 4.80747E+00 
1250 5.36026E+01 4.86103E+00 
1300 5.38157E+01 4.92500E+00 
1350 5.38449E+01 4.97808E+00 
1400 5.39514E+01 5.05485E+00 
1450 5.39954E+01 5.09691E+00 
1500 5.42874E+01 5.18447E+00 
1550 5.42769E+01 5.24227E+00 
1600 5.43738E+01 5.31220E+00 
1650 5.44352E+01 5.40286E+00 
1700 5.46969E+01 5.46867E+00 
1750 5.49243E+01 5.53625E+00 
1800 5.49351E+01 5.61106E+00 
1850 5.49724E+01 5.71945E+00 
1900 5.52984E+01 5.79421E+00 
1950 5.53019E+01 5.85425E+00 
2000 5.54728E+01 5.95578E+00 
2050 5.56266E+01 6.01518E+00 
