800 1.26468E-42 1.41793E-41 
850 1.26299E-42 1.41360E-41 
900 1.26013E-42 1.38475E-41 
950 1.25911E-42 1.37275E-41 
1000 1.25710E-42 1.36113E-41 
1050 1.25431E-42 1.35281E-41 
1100 1.25205E-42 1.34232E-41 
1150 1.24883E-42 1.32040E-41 
1200 1.24760E-42 1.30650E-41 
1250 1.24520E-42 1.29491E-41 
1300 1.24030E-42 1.27381E-41 
1350 1.23882E-42 1.26115E-41 
1400 1.23655E-42 1.24279E-41 
1450 1.23519E-42 1.23294E-41 
1500 1.23043E-42 1.21501E-41 
1550 1.23057E-42 1.19971E-41 
1600 1.22654E-42 1.18061E-41 
1650 1.22395E-42 1.16247E-41 
1700 1.21875E-42 1.15029E-41 
1750 1.21641E-42 1.13688E-41 
1800 1.21520E-42 1.12339E-41 
1850 1.21287E-42 1.10195E-41 
1900 1.20736E-42 1.09141E-41 
1950 1.20619E-42 1.07656E-41 
2000 1.20250E-42 1.05697E-41 
2050 1.20179E-42 1.05022E-41 
