800 1.18708E+02 1.06887E+01 
850 1.19056E+02 1.07428E+01 
900 1.19150E+02 1.09406E+01 
950 1.19452E+02 1.10491E+01 
1000 1.19503E+02 1.11347E+01 
1050 1.20012E+02 1.12179E+01 
1100 1.20145E+02 1.13079E+01 
1150 1.20518E+02 1.15032E+01 
1200 1.20587E+02 1.16157E+01 
1250 1.20770E+02 1.17204E+01 
1300 1.21267E+02 1.19204E+01 
1350 1.21280E+02 1.20219E+01 
1400 1.21680E+02 1.22164E+01 
1450 1.21584E+02 1.22962E+01 
1500 1.22247E+02 1.24980E+01 
1550 1.22164E+02 1.26441E+01 
1600 1.22420E+02 1.28393E+01 
1650 1.22641E+02 1.30267E+01 
1700 1.23188E+02 1.31672E+01 
1750 1.23591E+02 1.33445E+01 
1800 1.23734E+02 1.35134E+01 
1850 1.23791E+02 1.37511E+01 
1900 1.24485E+02 1.38926E+01 
1950 1.24458E+02 1.40777E+01 
2000 1.24829E+02 1.43159E+01 
2050 1.25213E+02 1.44537E+01 
