800 6.54046E-08 1.98650E-06 
850 6.52702E-08 1.98086E-06 
900 6.53312E-08 1.98094E-06 
950 6.52703E-08 1.98019E-06 
1000 6.52640E-08 1.97572E-06 
1050 6.51418E-08 1.97099E-06 
1100 6.51997E-08 1.97020E-06 
1150 6.53426E-08 1.96918E-06 
1200 6.52216E-08 1.96882E-06 
1250 6.51600E-08 1.96156E-06 
1300 6.52969E-08 1.96298E-06 
1350 6.53033E-08 1.96325E-06 
1400 6.54190E-08 1.96227E-06 
1450 6.52584E-08 1.96068E-06 
1500 6.54202E-08 1.95774E-06 
1550 6.54427E-08 1.95714E-06 
1600 6.55363E-08 1.95531E-06 
1650 6.57292E-08 1.95623E-06 
1700 6.58341E-08 1.95530E-06 
1750 6.57955E-08 1.95628E-06 
1800 6.58188E-08 1.95306E-06 
1850 6.61131E-08 1.95540E-06 
1900 6.61511E-08 1.95117E-06 
1950 6.61398E-08 1.95454E-06 
2000 6.61994E-08 1.95444E-06 
2050 6.62602E-08 1.95045E-06 
