800 1.06515E-02 4.73155E-02 
850 1.05928E-02 4.69546E-02 
900 1.05652E-02 4.65389E-02 
950 1.05010E-02 4.63067E-02 
1000 1.04543E-02 4.58419E-02 
1050 1.04214E-02 4.53909E-02 
1100 1.03632E-02 4.50608E-02 
1150 1.03042E-02 4.46827E-02 
1200 1.02602E-02 4.43774E-02 
1250 1.02246E-02 4.38788E-02 
1300 1.01815E-02 4.35936E-02 
1350 1.01331E-02 4.32290E-02 
1400 1.00593E-02 4.29108E-02 
1450 9.99176E-03 4.25123E-02 
1500 9.94899E-03 4.21713E-02 
1550 9.88910E-03 4.18101E-02 
1600 9.83146E-03 4.14518E-02 
1650 9.75393E-03 4.11049E-02 
1700 9.71166E-03 4.08286E-02 
1750 9.64918E-03 4.04390E-02 
1800 9.57785E-03 4.00089E-02 
1850 9.51104E-03 3.96449E-02 
1900 9.44484E-03 3.93190E-02 
1950 9.38571E-03 3.90827E-02 
2000 9.30993E-03 3.86467E-02 
2050 9.23064E-03 3.82160E-02 
