800 6.22126E-08 1.95850E-06 
850 6.21820E-08 1.95253E-06 
900 6.22404E-08 1.95085E-06 
950 6.22191E-08 1.95130E-06 
1000 6.22054E-08 1.94477E-06 
1050 6.20081E-08 1.93676E-06 
1100 6.21135E-08 1.93695E-06 
1150 6.22834E-08 1.93451E-06 
1200 6.22254E-08 1.93385E-06 
1250 6.22561E-08 1.92648E-06 
1300 6.24385E-08 1.92688E-06 
1350 6.24581E-08 1.92502E-06 
1400 6.25412E-08 1.92241E-06 
1450 6.24112E-08 1.92328E-06 
1500 6.25357E-08 1.91993E-06 
1550 6.25898E-08 1.91974E-06 
1600 6.26407E-08 1.91460E-06 
1650 6.28524E-08 1.91574E-06 
1700 6.29804E-08 1.91458E-06 
1750 6.29662E-08 1.91363E-06 
1800 6.30572E-08 1.91207E-06 
1850 6.32010E-08 1.90969E-06 
1900 6.34652E-08 1.90873E-06 
1950 6.34225E-08 1.91024E-06 
2000 6.34165E-08 1.91106E-06 
2050 6.35032E-08 1.90635E-06 
