800 1.72783E-04 4.84157E-04 3.83514E-04 6.59779E-04 8.51426E-04 1.55971E-04 1.65040E-04 3.58309E-05 
850 2.62856E-04 4.35242E-04 4.39344E-04 6.75665E-04 9.52257E-04 1.18999E-04 2.11715E-04 4.34784E-05 
900 3.32864E-04 5.20003E-04 4.64612E-04 6.38641E-04 9.16573E-04 1.46909E-04 1.52031E-04 3.37120E-05 
950 2.37632E-04 3.64444E-04 4.88314E-04 5.91823E-04 1.07946E-03 1.39869E-04 1.99594E-04 8.14083E-05 
1000 2.31127E-04 4.46845E-04 4.59125E-04 5.98537E-04 8.69808E-04 1.35681E-04 1.27790E-04 3.32721E-05 
1050 2.94162E-04 5.11779E-04 5.24905E-04 6.35091E-04 9.72817E-04 1.04015E-04 2.22090E-04 3.47618E-05 
1100 2.48308E-04 4.54169E-04 4.90512E-04 6.14408E-04 9.65282E-04 1.04177E-04 2.37303E-04 5.21307E-05 
1150 2.15339E-04 3.80139E-04 4.11454E-04 6.74997E-04 1.08989E-03 1.45443E-04 2.79287E-04 6.09628E-05 
1200 2.57758E-04 5.11575E-04 5.17491E-04 6.14922E-04 9.08026E-04 1.40646E-04 2.09791E-04 1.94618E-05 
1250 2.81592E-04 4.60838E-04 4.75011E-04 6.16304E-04 8.32650E-04 1.32840E-04 1.75162E-04 2.77427E-05 
1300 1.78231E-04 4.43512E-04 3.40198E-04 6.46903E-04 9.19699E-04 1.58655E-04 1.89375E-04 3.63383E-05 
1350 2.50437E-04 4.77751E-04 4.86775E-04 6.16208E-04 9.45652E-04 1.16778E-04 2.69955E-04 5.75917E-05 
1400 2.06169E-04 4.37455E-04 3.79925E-04 5.57798E-04 8.40131E-04 1.49862E-04 2.31441E-04 4.66279E-05 
1450 3.07315E-04 3.85672E-04 4.12153E-04 6.65749E-04 1.11727E-03 1.59698E-04 2.19397E-04 4.62357E-05 
1500 1.68940E-04 4.15440E-04 3.88083E-04 5.62877E-04 9.46959E-04 2.07697E-04 1.64157E-04 2.41382E-05 
1550 2.08011E-04 4.75718E-04 4.64586E-04 5.89570E-04 1.09426E-03 1.80881E-04 2.65762E-04 5.26528E-05 
1600 1.74057E-04 4.70842E-04 4.41792E-04 5.99073E-04 9.74625E-04 1.04673E-04 2.06349E-04 3.84698E-05 
1650 1.96765E-04 5.02873E-04 4.06248E-04 7.39171E-04 1.03977E-03 1.31121E-04 2.21042E-04 3.23115E-05 
1700 2.69200E-04 4.90739E-04 4.41275E-04 7.95272E-04 1.07528E-03 1.25064E-04 2.53261E-04 4.98334E-05 
1750 3.03779E-04 4.89213E-04 5.30403E-04 5.92224E-04 8.25894E-04 1.47190E-04 1.28623E-04 3.34367E-05 
1800 1.86192E-04 4.26465E-04 5.27339E-04 7.55702E-04 9.79821E-04 1.37640E-04 1.56269E-04 2.45875E-05 
1850 2.69658E-04 5.23002E-04 4.23764E-04 5.47012E-04 1.04098E-03 1.32718E-04 1.86097E-04 4.29372E-05 
1900 3.41122E-04 5.28615E-04 4.37443E-04 6.85702E-04 7.90240E-04 2.03060E-04 1.75484E-04 3.14880E-05 
1950 2.61117E-04 4.39476E-04 4.61337E-04 6.24972E-04 1.10369E-03 1.16979E-04 1.37290E-04 4.65544E-05 
2000 2.25082E-04 3.66695E-04 4.25624E-04 5.54694E-04 9.62476E-04 1.11304E-04 1.83747E-04 4.48720E-05 
2050 2.00884E-04 4.68550E-04 4.54790E-04 6.77354E-04 1.02550E-03 1.23683E-04 2.04896E-04 3.83041E-05 
