800 3.42006E-01 2.01480E-02 
850 3.43287E-01 2.11378E-02 
900 3.45718E-01 2.14247E-02 
950 3.47812E-01 2.24333E-02 
1000 3.47446E-01 2.24858E-02 
1050 3.49766E-01 2.19525E-02 
1100 3.50335E-01 2.26254E-02 
1150 3.52326E-01 2.23721E-02 
1200 3.54083E-01 2.38043E-02 
1250 3.56344E-01 2.38049E-02 
1300 3.58420E-01 2.39754E-02 
1350 3.60394E-01 2.50755E-02 
1400 3.61950E-01 2.61081E-02 
1450 3.64552E-01 2.53157E-02 
1500 3.67975E-01 2.58767E-02 
1550 3.68065E-01 2.63230E-02 
1600 3.71383E-01 2.66630E-02 
1650 3.75010E-01 2.64585E-02 
1700 3.79942E-01 2.80982E-02 
1750 3.77946E-01 2.74494E-02 
1800 3.83313E-01 2.87045E-02 
1850 3.88527E-01 2.81549E-02 
1900 3.89341E-01 2.96854E-02 
1950 3.88810E-01 2.90873E-02 
2000 3.94571E-01 3.04060E-02 
2050 3.94316E-01 3.22349E-02 
