800 3.30444E-03 2.96853E-02 
850 3.27198E-03 2.93107E-02 
900 3.24059E-03 2.89870E-02 
950 3.20581E-03 2.87085E-02 
1000 3.17173E-03 2.83274E-02 
1050 3.12725E-03 2.79330E-02 
1100 3.10238E-03 2.76474E-02 
1150 3.07276E-03 2.73250E-02 
1200 3.04123E-03 2.70189E-02 
1250 3.00756E-03 2.66441E-02 
1300 2.98315E-03 2.63634E-02 
1350 2.94661E-03 2.60530E-02 
1400 2.92067E-03 2.57330E-02 
1450 2.88674E-03 2.54550E-02 
1500 2.85628E-03 2.51231E-02 
1550 2.82250E-03 2.48402E-02 
1600 2.78864E-03 2.44905E-02 
1650 2.76590E-03 2.42189E-02 
1700 2.74022E-03 2.39214E-02 
1750 2.70246E-03 2.36233E-02 
1800 2.67182E-03 2.33109E-02 
1850 2.64244E-03 2.30060E-02 
1900 2.62163E-03 2.27093E-02 
1950 2.58755E-03 2.24422E-02 
2000 2.55340E-03 2.21660E-02 
2050 2.52611E-03 2.18293E-02 
