800 1.52918E+00 2.37533E+00 
850 1.52510E+00 2.31790E+00 
900 1.52883E+00 2.31718E+00 
950 1.52541E+00 2.32202E+00 
1000 1.52278E+00 2.30301E+00 
1050 1.52427E+00 2.27901E+00 
1100 1.52940E+00 2.29846E+00 
1150 1.52704E+00 2.29433E+00 
1200 1.52220E+00 2.29022E+00 
1250 1.52481E+00 2.24348E+00 
1300 1.53033E+00 2.25990E+00 
1350 1.52903E+00 2.26518E+00 
1400 1.52916E+00 2.23525E+00 
1450 1.52252E+00 2.25033E+00 
1500 1.52121E+00 2.22090E+00 
1550 1.51528E+00 2.23424E+00 
1600 1.51612E+00 2.23511E+00 
1650 1.51243E+00 2.25887E+00 
1700 1.51600E+00 2.21359E+00 
1750 1.50884E+00 2.22303E+00 
1800 1.50302E+00 2.21704E+00 
1850 1.50197E+00 2.20081E+00 
1900 1.50103E+00 2.18766E+00 
1950 1.50156E+00 2.20371E+00 
2000 1.49239E+00 2.20377E+00 
2050 1.49137E+00 2.19311E+00 
