800 8.22634E-03 7.38485E-02 
850 8.14547E-03 7.29165E-02 
900 8.06738E-03 7.21112E-02 
950 7.98078E-03 7.14185E-02 
1000 7.89591E-03 7.04703E-02 
1050 7.78528E-03 6.94891E-02 
1100 7.72335E-03 6.87786E-02 
1150 7.64962E-03 6.79766E-02 
1200 7.57104E-03 6.72153E-02 
1250 7.48729E-03 6.62827E-02 
1300 7.42654E-03 6.55846E-02 
1350 7.33555E-03 6.48122E-02 
1400 7.27093E-03 6.40162E-02 
1450 7.18650E-03 6.33246E-02 
1500 7.11067E-03 6.24990E-02 
1550 7.02664E-03 6.17951E-02 
1600 6.94227E-03 6.09252E-02 
1650 6.88571E-03 6.02497E-02 
1700 6.82171E-03 5.95095E-02 
1750 6.72770E-03 5.87680E-02 
1800 6.65142E-03 5.79908E-02 
1850 6.57834E-03 5.72322E-02 
1900 6.52644E-03 5.64941E-02 
1950 6.44161E-03 5.58296E-02 
2000 6.35661E-03 5.51425E-02 
2050 6.28875E-03 5.43049E-02 
