800 1.75261E-03 2.15018E-03 
850 1.75729E-03 2.17276E-03 
900 1.76319E-03 2.16319E-03 
950 1.77318E-03 2.17302E-03 
1000 1.77505E-03 2.13187E-03 
1050 1.77891E-03 2.12332E-03 
1100 1.78063E-03 2.11924E-03 
1150 1.79669E-03 2.15576E-03 
1200 1.80606E-03 2.15676E-03 
1250 1.80506E-03 2.14739E-03 
1300 1.81730E-03 2.12371E-03 
1350 1.82467E-03 2.11186E-03 
1400 1.83510E-03 2.11542E-03 
1450 1.83513E-03 2.10425E-03 
1500 1.84952E-03 2.08281E-03 
1550 1.85953E-03 2.11489E-03 
1600 1.86925E-03 2.06722E-03 
1650 1.88823E-03 2.08043E-03 
1700 1.89788E-03 2.09295E-03 
1750 1.89613E-03 2.02711E-03 
1800 1.90893E-03 2.04217E-03 
1850 1.92878E-03 2.03957E-03 
1900 1.94054E-03 2.08414E-03 
1950 1.94647E-03 2.04952E-03 
2000 1.95421E-03 2.03481E-03 
2050 1.96015E-03 2.03191E-03 
