800 3.88093E-01 2.00709E-03 1.73838E-03 4.42966E-01 
850 3.88030E-01 2.03008E-03 1.74339E-03 4.42905E-01 
900 3.87856E-01 2.02062E-03 1.74916E-03 4.42907E-01 
950 3.87785E-01 2.03039E-03 1.75906E-03 4.42909E-01 
1000 3.87766E-01 1.98956E-03 1.76104E-03 4.42916E-01 
1050 3.87552E-01 1.98135E-03 1.76488E-03 4.42875E-01 
1100 3.87523E-01 1.97732E-03 1.76683E-03 4.42883E-01 
1150 3.87492E-01 2.01392E-03 1.78242E-03 4.42814E-01 
1200 3.87363E-01 2.01506E-03 1.79212E-03 4.42802E-01 
1250 3.87274E-01 2.00610E-03 1.79091E-03 4.42793E-01 
1300 3.87143E-01 1.98232E-03 1.80317E-03 4.42794E-01 
1350 3.87096E-01 1.97044E-03 1.81023E-03 4.42788E-01 
1400 3.87024E-01 1.97407E-03 1.82128E-03 4.42814E-01 
1450 3.86850E-01 1.96302E-03 1.82117E-03 4.42788E-01 
1500 3.86791E-01 1.94191E-03 1.83535E-03 4.42798E-01 
1550 3.86674E-01 1.97392E-03 1.84532E-03 4.42756E-01 
1600 3.86673E-01 1.92637E-03 1.85514E-03 4.42818E-01 
1650 3.86602E-01 1.93952E-03 1.87421E-03 4.42783E-01 
1700 3.86563E-01 1.95210E-03 1.88363E-03 4.42746E-01 
1750 3.86425E-01 1.88619E-03 1.88204E-03 4.42808E-01 
1800 3.86240E-01 1.90160E-03 1.89481E-03 4.42819E-01 
1850 3.86251E-01 1.89872E-03 1.91451E-03 4.42778E-01 
1900 3.86270E-01 1.94359E-03 1.92627E-03 4.42739E-01 
1950 3.86023E-01 1.90873E-03 1.93242E-03 4.42797E-01 
2000 3.85946E-01 1.89403E-03 1.93977E-03 4.42812E-01 
2050 3.85904E-01 1.89141E-03 1.94571E-03 4.42792E-01 
