800 3.11218E-01 2.17021E-03 8.38346E-04 2.84233E-01 
850 3.08322E-01 2.38382E-03 8.37769E-04 2.81473E-01 
900 3.05312E-01 2.46098E-03 8.48037E-04 2.78869E-01 
950 3.02408E-01 2.65168E-03 8.34710E-04 2.76172E-01 
1000 2.99465E-01 2.76759E-03 8.34049E-04 2.73472E-01 
1050 2.96520E-01 2.92355E-03 8.36386E-04 2.70726E-01 
1100 2.93568E-01 3.02711E-03 8.23579E-04 2.68080E-01 
1150 2.90556E-01 3.13955E-03 8.24020E-04 2.65398E-01 
1200 2.87599E-01 3.30062E-03 8.17893E-04 2.62663E-01 
1250 2.84631E-01 3.37789E-03 8.21894E-04 2.59968E-01 
1300 2.81685E-01 3.51948E-03 8.24158E-04 2.57263E-01 
1350 2.78676E-01 3.62823E-03 8.18588E-04 2.54562E-01 
1400 2.75702E-01 3.79744E-03 8.22179E-04 2.51785E-01 
1450 2.72699E-01 3.81947E-03 8.07711E-04 2.49174E-01 
1500 2.69722E-01 3.98842E-03 8.08440E-04 2.46380E-01 
1550 2.66644E-01 4.05811E-03 8.10135E-04 2.43708E-01 
1600 2.63760E-01 4.23142E-03 8.06631E-04 2.40865E-01 
1650 2.60752E-01 4.29706E-03 8.03099E-04 2.38200E-01 
1700 2.57777E-01 4.47476E-03 7.98535E-04 2.35392E-01 
1750 2.54732E-01 4.53786E-03 7.98575E-04 2.32681E-01 
1800 2.51753E-01 4.58200E-03 7.96353E-04 2.29973E-01 
1850 2.48678E-01 4.68533E-03 7.97670E-04 2.27214E-01 
1900 2.45725E-01 4.80953E-03 7.88849E-04 2.24423E-01 
1950 2.42701E-01 4.98018E-03 7.93398E-04 2.21624E-01 
2000 2.39718E-01 4.96268E-03 7.86068E-04 2.18992E-01 
2050 2.36603E-01 5.04570E-03 7.83507E-04 2.16174E-01 
