% --- MSR cluster ------------------------------------------

set title "MSR2G-partially-enriched-U-full-core"

% --- Dummy structures
surf 11 inf
surf 12 inf

cell 111 2 fuel -11
cell 112 3 moder -12

% --- Single unit cell

surf 1 cuboid -1.524 1.524 2.032 2.54 0 198.12
surf 2 cuboid -1.524 1.524 -2.54 -2.032 0 198.12
surf 3 cuboid 2.032 2.54 -1.524 1.524 0 198.12
surf 4 cuboid -2.54 -2.032 -1.524 1.524 0 198.12
surf 6 pz 0
surf 7 pz 198.12

cell 11 1 fill 2 -1
cell 12 1 fill 2 -2
cell 13 1 fill 2 -3
cell 14 1 fill 2 -4
cell 15 1 fill 3 1 2 3 4 6 -7
cell 16 1 outside -6
cell 17 1 outside 7

% % --- Lattice

lat 300 1 0 0 30 30 5.08
1 1 1 1 1 1 1 1 1 1 1 1 1 1 1 1 1 1 1 1 1 1 1 1 1 1 1 1 1 1
1 1 1 1 1 1 1 1 1 1 1 1 1 1 1 1 1 1 1 1 1 1 1 1 1 1 1 1 1 1
1 1 1 1 1 1 1 1 1 1 1 1 1 1 1 1 1 1 1 1 1 1 1 1 1 1 1 1 1 1
1 1 1 1 1 1 1 1 1 1 1 1 1 1 1 1 1 1 1 1 1 1 1 1 1 1 1 1 1 1
1 1 1 1 1 1 1 1 1 1 1 1 1 1 1 1 1 1 1 1 1 1 1 1 1 1 1 1 1 1
1 1 1 1 1 1 1 1 1 1 1 1 1 1 1 1 1 1 1 1 1 1 1 1 1 1 1 1 1 1
1 1 1 1 1 1 1 1 1 1 1 1 1 1 1 1 1 1 1 1 1 1 1 1 1 1 1 1 1 1
1 1 1 1 1 1 1 1 1 1 1 1 1 1 1 1 1 1 1 1 1 1 1 1 1 1 1 1 1 1
1 1 1 1 1 1 1 1 1 1 1 1 1 1 1 1 1 1 1 1 1 1 1 1 1 1 1 1 1 1
1 1 1 1 1 1 1 1 1 1 1 1 1 1 1 1 1 1 1 1 1 1 1 1 1 1 1 1 1 1
1 1 1 1 1 1 1 1 1 1 1 1 1 1 1 1 1 1 1 1 1 1 1 1 1 1 1 1 1 1
1 1 1 1 1 1 1 1 1 1 1 1 1 1 1 1 1 1 1 1 1 1 1 1 1 1 1 1 1 1
1 1 1 1 1 1 1 1 1 1 1 1 1 1 1 1 1 1 1 1 1 1 1 1 1 1 1 1 1 1
1 1 1 1 1 1 1 1 1 1 1 1 1 1 1 1 1 1 1 1 1 1 1 1 1 1 1 1 1 1
1 1 1 1 1 1 1 1 1 1 1 1 1 1 1 1 1 1 1 1 1 1 1 1 1 1 1 1 1 1
1 1 1 1 1 1 1 1 1 1 1 1 1 1 1 1 1 1 1 1 1 1 1 1 1 1 1 1 1 1
1 1 1 1 1 1 1 1 1 1 1 1 1 1 1 1 1 1 1 1 1 1 1 1 1 1 1 1 1 1
1 1 1 1 1 1 1 1 1 1 1 1 1 1 1 1 1 1 1 1 1 1 1 1 1 1 1 1 1 1
1 1 1 1 1 1 1 1 1 1 1 1 1 1 1 1 1 1 1 1 1 1 1 1 1 1 1 1 1 1
1 1 1 1 1 1 1 1 1 1 1 1 1 1 1 1 1 1 1 1 1 1 1 1 1 1 1 1 1 1
1 1 1 1 1 1 1 1 1 1 1 1 1 1 1 1 1 1 1 1 1 1 1 1 1 1 1 1 1 1
1 1 1 1 1 1 1 1 1 1 1 1 1 1 1 1 1 1 1 1 1 1 1 1 1 1 1 1 1 1
1 1 1 1 1 1 1 1 1 1 1 1 1 1 1 1 1 1 1 1 1 1 1 1 1 1 1 1 1 1
1 1 1 1 1 1 1 1 1 1 1 1 1 1 1 1 1 1 1 1 1 1 1 1 1 1 1 1 1 1
1 1 1 1 1 1 1 1 1 1 1 1 1 1 1 1 1 1 1 1 1 1 1 1 1 1 1 1 1 1
1 1 1 1 1 1 1 1 1 1 1 1 1 1 1 1 1 1 1 1 1 1 1 1 1 1 1 1 1 1
1 1 1 1 1 1 1 1 1 1 1 1 1 1 1 1 1 1 1 1 1 1 1 1 1 1 1 1 1 1
1 1 1 1 1 1 1 1 1 1 1 1 1 1 1 1 1 1 1 1 1 1 1 1 1 1 1 1 1 1
1 1 1 1 1 1 1 1 1 1 1 1 1 1 1 1 1 1 1 1 1 1 1 1 1 1 1 1 1 1
1 1 1 1 1 1 1 1 1 1 1 1 1 1 1 1 1 1 1 1 1 1 1 1 1 1 1 1 1 1


% --- Surfaces:

surf 3000  cyl 0.0 0.0 74.93
surf 3001  pz  0
surf 3002  pz  198.12

% --- Cells:

cell 300  0    fill 300  -3000 3001 -3002
cell 301  0    outside   3000  3001 -3002
cell 302  0    outside   -3001
cell 303  0    outside   3002

% --- Fuel (Partially enriched uranium):

mat fuel    -2.156 tmp 900
 3007.09c   -10.90
 3006.09c   -0.0005
 9019.09c   -66.80
 4009.09c   -6.27
40000.09c   -10.92
92235.09c   -1.67
92238.09c   -3.44

% --- Moderator graphite:

mat moder    -1.861 tmp 900
 6012.09c    -1.0

% --- Cross section data library file path:

set acelib "/projects/arfc/serpent/core/xsdata/xsdir_serpent"

% --- boundary condition (1 for vacuum, 2 for reflective):

set bc 1

% --- group constant generation:

set gcu  2 3
set nfg  2 0.625e-6

% --- Neutron population and criticality cycles:

set pop 50000 500 50

% --- Geometry and mesh plots:

plot 3 500 500 99.06
mesh 3 500 500

% ------------------------------------------------------------
