800 1.67545E-42 1.83991E-41 
850 1.67953E-42 1.86124E-41 
900 1.67542E-42 1.84675E-41 
950 1.67715E-42 1.84326E-41 
1000 1.67503E-42 1.83019E-41 
1050 1.67744E-42 1.86118E-41 
1100 1.67616E-42 1.84538E-41 
1150 1.67627E-42 1.84070E-41 
1200 1.67687E-42 1.85080E-41 
1250 1.67482E-42 1.83695E-41 
1300 1.67153E-42 1.82556E-41 
1350 1.67233E-42 1.84995E-41 
1400 1.67662E-42 1.83711E-41 
1450 1.67474E-42 1.85247E-41 
1500 1.67662E-42 1.85515E-41 
800 1.67833E-42 1.85106E-41 
850 1.67979E-42 1.83727E-41 
900 1.67401E-42 1.83955E-41 
950 1.67475E-42 1.84862E-41 
1000 1.67550E-42 1.84200E-41 
1050 1.67701E-42 1.85692E-41 
1100 1.67625E-42 1.84520E-41 
1150 1.67531E-42 1.85043E-41 
1200 1.67583E-42 1.85158E-41 
1250 1.67929E-42 1.85337E-41 
1300 1.67770E-42 1.83715E-41 
1350 1.67741E-42 1.85172E-41 
1400 1.67613E-42 1.86624E-41 
1450 1.67568E-42 1.84716E-41 
1500 1.67666E-42 1.83945E-41 
800 1.68231E-42 1.86344E-41 
850 1.68058E-42 1.86703E-41 
900 1.67385E-42 1.85404E-41 
950 1.67849E-42 1.86164E-41 
1000 1.67877E-42 1.85261E-41 
1050 1.67972E-42 1.85305E-41 
1100 1.67880E-42 1.85060E-41 
1150 1.67817E-42 1.85509E-41 
1200 1.68137E-42 1.86469E-41 
1250 1.67992E-42 1.85447E-41 
1300 1.68005E-42 1.86773E-41 
1350 1.67722E-42 1.85977E-41 
1400 1.67786E-42 1.86298E-41 
1450 1.68006E-42 1.85407E-41 
1500 1.67599E-42 1.85000E-41 
800 1.68306E-42 1.85842E-41 
850 1.68048E-42 1.86633E-41 
900 1.68023E-42 1.85523E-41 
950 1.68010E-42 1.87173E-41 
1000 1.68238E-42 1.86204E-41 
1050 1.68194E-42 1.85979E-41 
1100 1.67969E-42 1.87321E-41 
1150 1.67801E-42 1.84578E-41 
1200 1.68117E-42 1.85886E-41 
1250 1.68197E-42 1.87112E-41 
1300 1.67937E-42 1.86027E-41 
1350 1.67852E-42 1.87435E-41 
1400 1.67745E-42 1.85154E-41 
1450 1.67952E-42 1.87258E-41 
1500 1.68048E-42 1.86754E-41 
800 1.68271E-42 1.87971E-41 
850 1.68007E-42 1.85721E-41 
900 1.68240E-42 1.88929E-41 
950 1.68309E-42 1.86654E-41 
1000 1.68343E-42 1.85751E-41 
1050 1.68207E-42 1.85539E-41 
1100 1.68192E-42 1.88274E-41 
1150 1.68039E-42 1.85800E-41 
1200 1.68040E-42 1.85313E-41 
1250 1.67909E-42 1.85752E-41 
1300 1.68182E-42 1.86563E-41 
1350 1.67638E-42 1.84300E-41 
1400 1.68295E-42 1.88517E-41 
1450 1.68088E-42 1.86902E-41 
1500 1.67891E-42 1.85729E-41 
800 1.68312E-42 1.88021E-41 
850 1.68380E-42 1.87823E-41 
900 1.68295E-42 1.86533E-41 
950 1.68140E-42 1.85455E-41 
1000 1.68246E-42 1.86494E-41 
1050 1.68351E-42 1.87082E-41 
1100 1.68155E-42 1.86080E-41 
1150 1.68498E-42 1.87787E-41 
1200 1.68341E-42 1.89216E-41 
1250 1.68213E-42 1.86670E-41 
1300 1.68322E-42 1.87094E-41 
1350 1.68078E-42 1.87750E-41 
1400 1.68559E-42 1.88937E-41 
1450 1.68365E-42 1.88235E-41 
1500 1.68367E-42 1.87737E-41 
800 1.68446E-42 1.89266E-41 
850 1.68583E-42 1.87539E-41 
900 1.68145E-42 1.87242E-41 
950 1.68261E-42 1.86224E-41 
1000 1.68174E-42 1.86740E-41 
1050 1.68802E-42 1.88001E-41 
1100 1.68411E-42 1.86167E-41 
1150 1.68475E-42 1.88210E-41 
1200 1.68466E-42 1.87423E-41 
1250 1.68425E-42 1.87002E-41 
1300 1.68067E-42 1.87156E-41 
1350 1.68332E-42 1.86718E-41 
1400 1.68267E-42 1.88048E-41 
1450 1.68364E-42 1.88978E-41 
1500 1.68382E-42 1.87511E-41 
800 1.68608E-42 1.88132E-41 
850 1.68879E-42 1.87701E-41 
900 1.68582E-42 1.89468E-41 
950 1.68374E-42 1.87008E-41 
1000 1.68299E-42 1.87079E-41 
1050 1.68366E-42 1.87676E-41 
1100 1.68205E-42 1.88049E-41 
1150 1.68545E-42 1.87821E-41 
1200 1.68698E-42 1.88738E-41 
1250 1.68748E-42 1.89398E-41 
1300 1.68663E-42 1.89754E-41 
1350 1.68403E-42 1.86507E-41 
1400 1.68196E-42 1.87809E-41 
1450 1.68364E-42 1.89974E-41 
1500 1.68999E-42 1.89559E-41 
800 1.68861E-42 1.89461E-41 
850 1.68915E-42 1.89500E-41 
900 1.68576E-42 1.87589E-41 
950 1.68470E-42 1.88848E-41 
1000 1.68691E-42 1.87641E-41 
1050 1.68856E-42 1.89198E-41 
1100 1.68795E-42 1.89163E-41 
1150 1.68484E-42 1.88132E-41 
1200 1.68596E-42 1.88421E-41 
1250 1.68883E-42 1.90278E-41 
1300 1.68615E-42 1.89772E-41 
1350 1.68454E-42 1.88721E-41 
1400 1.68921E-42 1.89250E-41 
1450 1.68666E-42 1.88516E-41 
1500 1.68381E-42 1.88760E-41 
800 1.68999E-42 1.89209E-41 
850 1.69106E-42 1.89478E-41 
900 1.68936E-42 1.89234E-41 
950 1.68761E-42 1.89413E-41 
1000 1.68865E-42 1.90473E-41 
1050 1.68706E-42 1.89428E-41 
1100 1.68725E-42 1.89093E-41 
1150 1.68852E-42 1.88488E-41 
1200 1.68932E-42 1.88975E-41 
1250 1.68731E-42 1.90225E-41 
1300 1.68844E-42 1.88655E-41 
1350 1.68501E-42 1.88136E-41 
1400 1.68462E-42 1.88657E-41 
1450 1.68810E-42 1.89634E-41 
1500 1.68878E-42 1.89727E-41 
800 1.68991E-42 1.90313E-41 
850 1.69036E-42 1.89642E-41 
900 1.68852E-42 1.90517E-41 
950 1.69088E-42 1.88229E-41 
1000 1.69138E-42 1.89305E-41 
1050 1.68933E-42 1.90252E-41 
1100 1.68996E-42 1.89217E-41 
1150 1.68721E-42 1.88493E-41 
1200 1.68796E-42 1.89221E-41 
1250 1.68542E-42 1.90112E-41 
1300 1.68972E-42 1.90836E-41 
1350 1.68802E-42 1.88914E-41 
1400 1.68862E-42 1.88679E-41 
1450 1.69067E-42 1.90200E-41 
1500 1.68975E-42 1.89238E-41 
800 1.69077E-42 1.90898E-41 
850 1.68950E-42 1.89774E-41 
900 1.69264E-42 1.91174E-41 
950 1.69049E-42 1.90828E-41 
1000 1.69067E-42 1.91018E-41 
1050 1.68819E-42 1.90038E-41 
1100 1.69092E-42 1.90612E-41 
1150 1.69037E-42 1.90699E-41 
1200 1.68851E-42 1.89290E-41 
1250 1.68817E-42 1.88904E-41 
1300 1.69122E-42 1.89677E-41 
1350 1.69105E-42 1.89995E-41 
1400 1.69064E-42 1.90490E-41 
1450 1.68963E-42 1.90924E-41 
1500 1.69087E-42 1.88811E-41 
800 1.69175E-42 1.91139E-41 
850 1.69020E-42 1.90690E-41 
900 1.69385E-42 1.92072E-41 
950 1.68974E-42 1.90680E-41 
1000 1.69194E-42 1.91332E-41 
1050 1.69006E-42 1.89664E-41 
1100 1.69099E-42 1.90360E-41 
1150 1.69018E-42 1.91739E-41 
1200 1.69108E-42 1.90616E-41 
1250 1.69143E-42 1.90192E-41 
1300 1.69205E-42 1.89871E-41 
1350 1.68557E-42 1.89093E-41 
1400 1.69068E-42 1.90995E-41 
1450 1.68883E-42 1.89140E-41 
1500 1.69017E-42 1.90740E-41 
800 1.69021E-42 1.89393E-41 
850 1.69593E-42 1.92395E-41 
900 1.69413E-42 1.92312E-41 
950 1.69045E-42 1.89926E-41 
1000 1.69506E-42 1.92117E-41 
1050 1.69505E-42 1.91367E-41 
1100 1.69485E-42 1.91567E-41 
1150 1.68971E-42 1.90671E-41 
1200 1.69237E-42 1.89884E-41 
1250 1.69263E-42 1.91400E-41 
1300 1.69155E-42 1.92238E-41 
1350 1.69295E-42 1.89171E-41 
1400 1.69072E-42 1.90707E-41 
1450 1.69258E-42 1.92488E-41 
1500 1.69233E-42 1.91014E-41 
800 1.69335E-42 1.91153E-41 
850 1.69333E-42 1.90961E-41 
900 1.69631E-42 1.92365E-41 
950 1.69432E-42 1.90704E-41 
1000 1.69448E-42 1.92325E-41 
1050 1.69599E-42 1.93139E-41 
1100 1.68783E-42 1.91460E-41 
1150 1.69314E-42 1.91540E-41 
1200 1.69291E-42 1.90283E-41 
1250 1.69230E-42 1.91420E-41 
1300 1.69181E-42 1.90198E-41 
1350 1.69283E-42 1.91432E-41 
1400 1.69352E-42 1.90183E-41 
1450 1.69310E-42 1.93461E-41 
1500 1.68993E-42 1.91564E-41 
