850 1.19056E+02 1.10050E+01 
950 1.19577E+02 1.09932E+01 
1050 1.19516E+02 1.09263E+01 
1150 1.19498E+02 1.09412E+01 
1250 1.19385E+02 1.09069E+01 
1350 1.19495E+02 1.09391E+01 
1450 1.19678E+02 1.10040E+01 
1550 1.19357E+02 1.09700E+01 
900 1.19604E+02 1.09489E+01 
1000 1.19363E+02 1.09487E+01 
1100 1.19263E+02 1.09479E+01 
1200 1.18957E+02 1.08812E+01 
1300 1.19206E+02 1.08887E+01 
1400 1.19303E+02 1.08720E+01 
1500 1.19461E+02 1.09383E+01 
850 1.19331E+02 1.08678E+01 
950 1.19216E+02 1.08560E+01 
1050 1.18922E+02 1.09009E+01 
1150 1.19228E+02 1.09271E+01 
1250 1.19271E+02 1.08343E+01 
1350 1.19427E+02 1.08414E+01 
1450 1.19220E+02 1.08282E+01 
1550 1.19189E+02 1.09280E+01 
900 1.19443E+02 1.07543E+01 
1000 1.18983E+02 1.09293E+01 
1100 1.19064E+02 1.07951E+01 
850 1.19056E+02 1.10050E+01 
950 1.19577E+02 1.09932E+01 
1050 1.19516E+02 1.09263E+01 
1150 1.19498E+02 1.09412E+01 
1250 1.19385E+02 1.09069E+01 
1350 1.19495E+02 1.09391E+01 
1450 1.19678E+02 1.10040E+01 
1550 1.19357E+02 1.09700E+01 
900 1.19604E+02 1.09489E+01 
1000 1.19363E+02 1.09487E+01 
1100 1.19263E+02 1.09479E+01 
1200 1.18957E+02 1.08812E+01 
1300 1.19206E+02 1.08887E+01 
1400 1.19303E+02 1.08720E+01 
1500 1.19461E+02 1.09383E+01 
850 1.19331E+02 1.08678E+01 
950 1.19216E+02 1.08560E+01 
1050 1.18922E+02 1.09009E+01 
1150 1.19228E+02 1.09271E+01 
1250 1.19271E+02 1.08343E+01 
1350 1.19427E+02 1.08414E+01 
1450 1.19220E+02 1.08282E+01 
1550 1.19189E+02 1.09280E+01 
900 1.19443E+02 1.07543E+01 
1000 1.18983E+02 1.09293E+01 
1100 1.19064E+02 1.07951E+01 
1200 1.18921E+02 1.08904E+01 
1300 1.19032E+02 1.08804E+01 
1400 1.19011E+02 1.07609E+01 
1500 1.19277E+02 1.09352E+01 
850 1.18852E+02 1.08068E+01 
950 1.19108E+02 1.08818E+01 
800 1.19437E+02 1.10177E+01 
850 1.19265E+02 1.08941E+01 
900 1.19406E+02 1.09633E+01 
950 1.19483E+02 1.10088E+01 
1000 1.19526E+02 1.10679E+01 
1050 1.19565E+02 1.09028E+01 
1100 1.19319E+02 1.09598E+01 
1150 1.19610E+02 1.10252E+01 
1200 1.19570E+02 1.09554E+01 
1250 1.19483E+02 1.10299E+01 
1300 1.19757E+02 1.10807E+01 
1350 1.19901E+02 1.09667E+01 
1400 1.19225E+02 1.10233E+01 
1450 1.19752E+02 1.09568E+01 
1500 1.19427E+02 1.09090E+01 
800 1.19295E+02 1.09365E+01 
850 1.19018E+02 1.10054E+01 
900 1.19440E+02 1.09970E+01 
950 1.19617E+02 1.09646E+01 
1000 1.19591E+02 1.10004E+01 
1050 1.19370E+02 1.09058E+01 
1100 1.19406E+02 1.09910E+01 
1150 1.19422E+02 1.09483E+01 
1200 1.19540E+02 1.09482E+01 
1250 1.19394E+02 1.09406E+01 
1300 1.19255E+02 1.10091E+01 
1350 1.19413E+02 1.09587E+01 
1400 1.19763E+02 1.08748E+01 
1450 1.19639E+02 1.09885E+01 
1500 1.19308E+02 1.10023E+01 
800 1.19195E+02 1.08996E+01 
850 1.19105E+02 1.08506E+01 
900 1.19715E+02 1.09430E+01 
950 1.19403E+02 1.09047E+01 
1000 1.19468E+02 1.09517E+01 
1050 1.19194E+02 1.09316E+01 
1100 1.19243E+02 1.09385E+01 
1150 1.19335E+02 1.09251E+01 
1200 1.19032E+02 1.08838E+01 
1250 1.19289E+02 1.09339E+01 
1300 1.19242E+02 1.08680E+01 
1350 1.19321E+02 1.08911E+01 
1400 1.19389E+02 1.08783E+01 
1450 1.19008E+02 1.09266E+01 
1500 1.19535E+02 1.09540E+01 
800 1.18715E+02 1.08857E+01 
850 1.19388E+02 1.08773E+01 
900 1.19049E+02 1.09017E+01 
950 1.19225E+02 1.08495E+01 
1000 1.19137E+02 1.08938E+01 
1050 1.18894E+02 1.08902E+01 
1100 1.19375E+02 1.08434E+01 
1150 1.19121E+02 1.09493E+01 
1200 1.18966E+02 1.08868E+01 
1250 1.19212E+02 1.08459E+01 
1300 1.19093E+02 1.08783E+01 
1350 1.19410E+02 1.08317E+01 
1400 1.19390E+02 1.09531E+01 
1450 1.19379E+02 1.08476E+01 
1500 1.19218E+02 1.08630E+01 
800 1.19051E+02 1.07887E+01 
850 1.18966E+02 1.09013E+01 
900 1.19382E+02 1.07688E+01 
950 1.18992E+02 1.08534E+01 
1000 1.19050E+02 1.09279E+01 
1050 1.18864E+02 1.09047E+01 
1100 1.19191E+02 1.07789E+01 
1150 1.19049E+02 1.09060E+01 
1200 1.18832E+02 1.09056E+01 
1250 1.19171E+02 1.09109E+01 
1300 1.19051E+02 1.08626E+01 
1350 1.19124E+02 1.09715E+01 
1400 1.19097E+02 1.07680E+01 
1450 1.19168E+02 1.08529E+01 
1500 1.19267E+02 1.09141E+01 
800 1.19100E+02 1.08035E+01 
850 1.18876E+02 1.08023E+01 
900 1.19062E+02 1.08659E+01 
950 1.19001E+02 1.09176E+01 
1000 1.18962E+02 1.08752E+01 
1050 1.18929E+02 1.08425E+01 
1100 1.18854E+02 1.08794E+01 
1150 1.18978E+02 1.07999E+01 
1200 1.18987E+02 1.07243E+01 
1250 1.18927E+02 1.08584E+01 
1300 1.19013E+02 1.08416E+01 
1350 1.19200E+02 1.08055E+01 
1400 1.18953E+02 1.07488E+01 
1450 1.19026E+02 1.07831E+01 
1500 1.18965E+02 1.07978E+01 
800 1.19080E+02 1.07376E+01 
850 1.18870E+02 1.08242E+01 
900 1.18985E+02 1.08106E+01 
950 1.18766E+02 1.08494E+01 
1000 1.18967E+02 1.08392E+01 
1050 1.18576E+02 1.07796E+01 
1100 1.18664E+02 1.08723E+01 
1150 1.18791E+02 1.07820E+01 
1200 1.18845E+02 1.08217E+01 
1250 1.18870E+02 1.08400E+01 
1300 1.19084E+02 1.08356E+01 
1350 1.18632E+02 1.08407E+01 
1400 1.19247E+02 1.07932E+01 
1450 1.19122E+02 1.07413E+01 
1500 1.18987E+02 1.08207E+01 
800 1.18722E+02 1.07732E+01 
850 1.18468E+02 1.07856E+01 
900 1.18937E+02 1.07216E+01 
950 1.18850E+02 1.08413E+01 
1000 1.19062E+02 1.08386E+01 
1050 1.18897E+02 1.08099E+01 
1100 1.18993E+02 1.07785E+01 
1150 1.18934E+02 1.08030E+01 
1200 1.18708E+02 1.07469E+01 
1250 1.18627E+02 1.06900E+01 
1300 1.19024E+02 1.07121E+01 
1350 1.18521E+02 1.08332E+01 
1400 1.19149E+02 1.08121E+01 
1450 1.19126E+02 1.06921E+01 
1500 1.18735E+02 1.07139E+01 
800 1.18783E+02 1.07345E+01 
850 1.18572E+02 1.06980E+01 
900 1.18597E+02 1.07868E+01 
950 1.18886E+02 1.07530E+01 
1000 1.18431E+02 1.07779E+01 
1050 1.18853E+02 1.07430E+01 
1100 1.18818E+02 1.07337E+01 
1150 1.18855E+02 1.07801E+01 
1200 1.18854E+02 1.07752E+01 
1250 1.18871E+02 1.06780E+01 
1300 1.18868E+02 1.07029E+01 
1350 1.18877E+02 1.07366E+01 
1400 1.18545E+02 1.07075E+01 
1450 1.18674E+02 1.07461E+01 
1500 1.18912E+02 1.07283E+01 
800 1.18484E+02 1.07316E+01 
850 1.18608E+02 1.07248E+01 
900 1.18516E+02 1.07089E+01 
950 1.18573E+02 1.07059E+01 
1000 1.18709E+02 1.06721E+01 
1050 1.18743E+02 1.07195E+01 
1100 1.18787E+02 1.07371E+01 
1150 1.18434E+02 1.07452E+01 
1200 1.18447E+02 1.07303E+01 
1250 1.18677E+02 1.06725E+01 
1300 1.18493E+02 1.07288E+01 
1350 1.18683E+02 1.07635E+01 
1400 1.18742E+02 1.07448E+01 
1450 1.18675E+02 1.06978E+01 
1500 1.18647E+02 1.06925E+01 
800 1.18718E+02 1.06701E+01 
850 1.18505E+02 1.07139E+01 
900 1.18667E+02 1.06573E+01 
950 1.18271E+02 1.07667E+01 
1000 1.18591E+02 1.07376E+01 
1050 1.18514E+02 1.06678E+01 
1100 1.18250E+02 1.06978E+01 
1150 1.18514E+02 1.07506E+01 
1200 1.18504E+02 1.07178E+01 
1250 1.18962E+02 1.06885E+01 
1300 1.18383E+02 1.06243E+01 
1350 1.18690E+02 1.07406E+01 
1400 1.18540E+02 1.07504E+01 
1450 1.18342E+02 1.06550E+01 
1500 1.18511E+02 1.07300E+01 
800 1.18565E+02 1.06439E+01 
850 1.18403E+02 1.06817E+01 
900 1.18480E+02 1.06348E+01 
950 1.18679E+02 1.06565E+01 
1000 1.18640E+02 1.06394E+01 
1050 1.18591E+02 1.06674E+01 
1100 1.18565E+02 1.06685E+01 
1150 1.18349E+02 1.06370E+01 
1200 1.18485E+02 1.07036E+01 
1250 1.18359E+02 1.07161E+01 
1300 1.18515E+02 1.07190E+01 
1350 1.18415E+02 1.06798E+01 
1400 1.18410E+02 1.06525E+01 
1450 1.18672E+02 1.06359E+01 
1500 1.18359E+02 1.07375E+01 
800 1.18312E+02 1.06054E+01 
850 1.18477E+02 1.06435E+01 
900 1.18580E+02 1.05987E+01 
950 1.18595E+02 1.06492E+01 
1000 1.18313E+02 1.06115E+01 
1050 1.18366E+02 1.06809E+01 
1100 1.18349E+02 1.06485E+01 
1150 1.18567E+02 1.05948E+01 
1200 1.18375E+02 1.06464E+01 
1250 1.18466E+02 1.06802E+01 
1300 1.18273E+02 1.06797E+01 
1350 1.18765E+02 1.07347E+01 
1400 1.18640E+02 1.06420E+01 
1450 1.18463E+02 1.07182E+01 
1500 1.18604E+02 1.06451E+01 
800 1.18222E+02 1.06903E+01 
850 1.18242E+02 1.05735E+01 
900 1.18265E+02 1.05487E+01 
950 1.18487E+02 1.06760E+01 
1000 1.18249E+02 1.05814E+01 
1050 1.18222E+02 1.06152E+01 
1100 1.18198E+02 1.05960E+01 
1150 1.18526E+02 1.06349E+01 
1200 1.18257E+02 1.06857E+01 
1250 1.18484E+02 1.06177E+01 
1300 1.18767E+02 1.05983E+01 
1350 1.18294E+02 1.07464E+01 
1400 1.18520E+02 1.06447E+01 
1450 1.18366E+02 1.05699E+01 
1500 1.18302E+02 1.06280E+01 
800 1.18350E+02 1.06213E+01 
850 1.18196E+02 1.06062E+01 
900 1.18374E+02 1.05841E+01 
950 1.18107E+02 1.06338E+01 
1000 1.18251E+02 1.05653E+01 
1050 1.18219E+02 1.05208E+01 
1100 1.18601E+02 1.06085E+01 
1150 1.18320E+02 1.06012E+01 
1200 1.18357E+02 1.06671E+01 
1250 1.18214E+02 1.06010E+01 
1300 1.18292E+02 1.06562E+01 
1350 1.18304E+02 1.06131E+01 
1400 1.18085E+02 1.06515E+01 
1450 1.18370E+02 1.05027E+01 
1500 1.18495E+02 1.06046E+01 
