800 3.49749E-01 2.03850E-02 
850 3.46484E-01 2.06824E-02 
900 3.50949E-01 2.15497E-02 
950 3.49911E-01 2.11149E-02 
1000 3.47248E-01 2.14786E-02 
1050 3.47876E-01 2.08385E-02 
1100 3.46676E-01 2.10658E-02 
1150 3.47976E-01 1.95985E-02 
1200 3.47306E-01 2.01420E-02 
1250 3.50271E-01 2.04138E-02 
1300 3.50946E-01 1.99042E-02 
1350 3.49831E-01 2.01024E-02 
1400 3.49163E-01 2.13691E-02 
1450 3.47323E-01 2.08693E-02 
1500 3.47287E-01 2.15743E-02 
800 3.47100E-01 2.21045E-02 
850 3.47444E-01 2.06717E-02 
900 3.47461E-01 2.01911E-02 
950 3.47679E-01 2.01519E-02 
1000 3.47461E-01 2.12055E-02 
1050 3.45449E-01 2.10335E-02 
1100 3.48230E-01 2.06737E-02 
1150 3.47096E-01 2.06812E-02 
1200 3.47068E-01 2.25144E-02 
1250 3.46617E-01 2.15378E-02 
1300 3.46151E-01 1.98666E-02 
1350 3.49263E-01 2.05269E-02 
1400 3.46455E-01 2.00533E-02 
1450 3.44768E-01 2.05793E-02 
1500 3.49801E-01 2.08904E-02 
800 3.44514E-01 2.11830E-02 
850 3.45883E-01 2.06276E-02 
900 3.43152E-01 2.13161E-02 
950 3.46840E-01 2.15766E-02 
1000 3.45525E-01 2.12610E-02 
1050 3.45170E-01 2.20918E-02 
1100 3.44583E-01 1.97363E-02 
1150 3.45640E-01 2.11026E-02 
1200 3.45070E-01 2.06177E-02 
1250 3.45048E-01 2.12327E-02 
1300 3.46573E-01 2.11189E-02 
1350 3.44001E-01 2.14617E-02 
1400 3.42066E-01 2.09305E-02 
1450 3.47042E-01 2.16535E-02 
1500 3.45227E-01 2.17173E-02 
800 3.41487E-01 2.07724E-02 
850 3.41960E-01 2.33122E-02 
900 3.43395E-01 2.15675E-02 
950 3.42453E-01 2.19378E-02 
1000 3.42492E-01 2.08642E-02 
1050 3.44634E-01 2.09835E-02 
1100 3.42754E-01 2.17112E-02 
1150 3.44667E-01 2.11294E-02 
1200 3.41745E-01 2.12681E-02 
1250 3.41113E-01 2.11295E-02 
1300 3.41003E-01 2.03682E-02 
1350 3.40994E-01 2.15089E-02 
1400 3.43794E-01 2.08130E-02 
1450 3.41094E-01 2.12489E-02 
1500 3.43827E-01 2.04843E-02 
800 3.41384E-01 2.15434E-02 
850 3.43528E-01 2.19200E-02 
900 3.41160E-01 2.18788E-02 
950 3.42052E-01 2.09988E-02 
1000 3.43663E-01 2.25850E-02 
1050 3.41473E-01 2.21672E-02 
1100 3.40812E-01 2.10618E-02 
1150 3.41829E-01 2.19141E-02 
1200 3.42818E-01 2.09669E-02 
1250 3.41085E-01 2.11620E-02 
1300 3.43767E-01 2.22368E-02 
1350 3.42336E-01 2.14748E-02 
1400 3.41380E-01 2.25869E-02 
1450 3.40991E-01 2.27267E-02 
1500 3.45008E-01 2.08975E-02 
800 3.38986E-01 2.22276E-02 
850 3.37764E-01 2.21770E-02 
900 3.40480E-01 2.10058E-02 
950 3.41303E-01 2.25759E-02 
1000 3.39971E-01 2.17853E-02 
1050 3.42103E-01 2.24739E-02 
1100 3.42150E-01 2.12701E-02 
1150 3.40690E-01 2.24622E-02 
1200 3.37132E-01 2.23544E-02 
1250 3.39100E-01 2.20227E-02 
1300 3.38844E-01 2.18453E-02 
1350 3.41208E-01 2.19917E-02 
1400 3.39026E-01 2.19817E-02 
1450 3.39995E-01 2.18412E-02 
1500 3.40450E-01 2.15313E-02 
800 3.36480E-01 2.23404E-02 
850 3.40175E-01 2.25143E-02 
900 3.37652E-01 2.16421E-02 
950 3.39670E-01 2.16835E-02 
1000 3.39127E-01 2.25299E-02 
1050 3.38831E-01 2.20678E-02 
1100 3.40849E-01 2.23216E-02 
1150 3.39237E-01 2.23228E-02 
1200 3.37775E-01 2.34841E-02 
1250 3.35885E-01 2.32590E-02 
1300 3.38136E-01 2.10471E-02 
1350 3.38407E-01 2.15884E-02 
1400 3.39975E-01 2.28157E-02 
1450 3.33702E-01 2.25882E-02 
1500 3.40175E-01 2.28512E-02 
800 3.37564E-01 2.17562E-02 
850 3.39048E-01 2.23238E-02 
900 3.37554E-01 2.18487E-02 
950 3.38159E-01 2.17337E-02 
1000 3.38546E-01 2.26094E-02 
1050 3.40809E-01 2.18234E-02 
1100 3.34818E-01 2.20247E-02 
1150 3.36776E-01 2.18148E-02 
1200 3.35283E-01 2.24434E-02 
1250 3.38268E-01 2.20470E-02 
1300 3.31678E-01 2.31318E-02 
1350 3.38669E-01 2.21555E-02 
1400 3.36462E-01 2.40416E-02 
1450 3.37506E-01 2.35036E-02 
1500 3.37714E-01 2.28798E-02 
800 3.34502E-01 2.32123E-02 
850 3.34388E-01 2.22186E-02 
900 3.37601E-01 2.28230E-02 
950 3.37112E-01 2.35415E-02 
1000 3.35798E-01 2.17949E-02 
1050 3.33894E-01 2.33563E-02 
1100 3.34175E-01 2.25518E-02 
1150 3.37518E-01 2.27222E-02 
1200 3.37859E-01 2.23404E-02 
1250 3.35521E-01 2.34013E-02 
1300 3.36198E-01 2.33589E-02 
1350 3.37438E-01 2.22200E-02 
1400 3.34606E-01 2.30607E-02 
1450 3.33854E-01 2.26148E-02 
1500 3.35222E-01 2.21804E-02 
800 3.34082E-01 2.31643E-02 
850 3.33871E-01 2.37838E-02 
900 3.34804E-01 2.38450E-02 
950 3.35778E-01 2.30561E-02 
1000 3.35742E-01 2.33004E-02 
1050 3.33415E-01 2.30404E-02 
1100 3.34838E-01 2.38160E-02 
1150 3.35484E-01 2.30691E-02 
1200 3.35492E-01 2.33617E-02 
1250 3.34823E-01 2.35375E-02 
1300 3.33634E-01 2.29669E-02 
1350 3.35739E-01 2.25831E-02 
1400 3.36209E-01 2.34083E-02 
1450 3.34535E-01 2.26092E-02 
1500 3.33185E-01 2.40496E-02 
800 3.32281E-01 2.37753E-02 
850 3.32878E-01 2.38865E-02 
900 3.32590E-01 2.20536E-02 
950 3.32465E-01 2.36139E-02 
1000 3.31899E-01 2.21972E-02 
1050 3.32792E-01 2.34996E-02 
1100 3.32912E-01 2.41012E-02 
1150 3.33342E-01 2.27101E-02 
1200 3.31652E-01 2.21451E-02 
1250 3.31980E-01 2.26436E-02 
1300 3.30613E-01 2.21045E-02 
1350 3.31072E-01 2.38277E-02 
1400 3.34595E-01 2.47355E-02 
1450 3.31584E-01 2.35145E-02 
1500 3.32750E-01 2.36413E-02 
800 3.30287E-01 2.34604E-02 
850 3.33844E-01 2.37994E-02 
900 3.30046E-01 2.45255E-02 
950 3.34221E-01 2.46927E-02 
1000 3.31205E-01 2.33668E-02 
1050 3.30428E-01 2.41856E-02 
1100 3.31148E-01 2.33159E-02 
1150 3.29159E-01 2.40182E-02 
1200 3.33252E-01 2.38442E-02 
1250 3.31119E-01 2.31962E-02 
1300 3.31526E-01 2.43009E-02 
1350 3.30920E-01 2.21268E-02 
1400 3.30643E-01 2.26154E-02 
1450 3.33349E-01 2.38922E-02 
1500 3.30956E-01 2.35876E-02 
800 3.27486E-01 2.45916E-02 
850 3.30559E-01 2.48041E-02 
900 3.28134E-01 2.37501E-02 
950 3.28248E-01 2.38844E-02 
1000 3.28291E-01 2.43837E-02 
1050 3.31978E-01 2.48853E-02 
1100 3.32592E-01 2.28891E-02 
1150 3.30502E-01 2.36728E-02 
1200 3.29947E-01 2.38499E-02 
1250 3.30737E-01 2.49464E-02 
1300 3.28633E-01 2.37624E-02 
1350 3.30462E-01 2.35146E-02 
1400 3.31335E-01 2.42067E-02 
1450 3.28688E-01 2.39696E-02 
1500 3.30593E-01 2.46005E-02 
800 3.30727E-01 2.53644E-02 
850 3.25453E-01 2.36296E-02 
900 3.28187E-01 2.37019E-02 
950 3.29289E-01 2.34839E-02 
1000 3.29838E-01 2.27891E-02 
1050 3.27178E-01 2.39000E-02 
1100 3.27908E-01 2.32657E-02 
1150 3.29296E-01 2.37470E-02 
1200 3.27701E-01 2.46491E-02 
1250 3.30504E-01 2.42946E-02 
1300 3.28155E-01 2.49969E-02 
1350 3.29279E-01 2.35596E-02 
1400 3.28005E-01 2.38682E-02 
1450 3.27787E-01 2.50417E-02 
1500 3.29879E-01 2.35353E-02 
800 3.28205E-01 2.39814E-02 
850 3.27572E-01 2.37790E-02 
900 3.27578E-01 2.30757E-02 
950 3.27620E-01 2.43050E-02 
1000 3.27688E-01 2.36597E-02 
1050 3.26615E-01 2.49066E-02 
1100 3.28433E-01 2.64098E-02 
1150 3.29244E-01 2.50742E-02 
1200 3.26665E-01 2.34749E-02 
1250 3.26633E-01 2.52894E-02 
1300 3.29285E-01 2.46084E-02 
1350 3.26965E-01 2.64273E-02 
1400 3.28172E-01 2.42979E-02 
1450 3.27537E-01 2.38279E-02 
1500 3.28552E-01 2.55567E-02 
