800 6.58042E-08 1.99396E-06 
850 6.55479E-08 1.98669E-06 
900 6.57192E-08 1.99488E-06 
950 6.57156E-08 1.98815E-06 
1000 6.57335E-08 1.99449E-06 
1050 6.56385E-08 1.98833E-06 
1100 6.57635E-08 1.98980E-06 
1150 6.56223E-08 1.99061E-06 
1200 6.56067E-08 1.99129E-06 
1250 6.59305E-08 1.99043E-06 
1300 6.58854E-08 1.99311E-06 
1350 6.57973E-08 1.98997E-06 
1400 6.58301E-08 1.99029E-06 
1450 6.55118E-08 1.99135E-06 
1500 6.55683E-08 1.98874E-06 
800 6.55761E-08 1.97975E-06 
850 6.54618E-08 1.98677E-06 
900 6.55616E-08 1.98740E-06 
950 6.56496E-08 1.98350E-06 
1000 6.54555E-08 1.98770E-06 
1050 6.54578E-08 1.98419E-06 
1100 6.55749E-08 1.98444E-06 
1150 6.55714E-08 1.98401E-06 
1200 6.54100E-08 1.98247E-06 
1250 6.55741E-08 1.98067E-06 
1300 6.56447E-08 1.98545E-06 
1350 6.55778E-08 1.98210E-06 
1400 6.55362E-08 1.97939E-06 
1450 6.54854E-08 1.98886E-06 
1500 6.55798E-08 1.98602E-06 
800 6.52758E-08 1.97756E-06 
850 6.52343E-08 1.97777E-06 
900 6.53839E-08 1.98228E-06 
950 6.52261E-08 1.97640E-06 
1000 6.53474E-08 1.97802E-06 
1050 6.54704E-08 1.97546E-06 
1100 6.53790E-08 1.98175E-06 
1150 6.53982E-08 1.97962E-06 
1200 6.53267E-08 1.97412E-06 
1250 6.52641E-08 1.97903E-06 
1300 6.53266E-08 1.97504E-06 
1350 6.53918E-08 1.98333E-06 
1400 6.51393E-08 1.98253E-06 
1450 6.53550E-08 1.97812E-06 
1500 6.55293E-08 1.98067E-06 
800 6.49675E-08 1.97502E-06 
850 6.50338E-08 1.97351E-06 
900 6.51231E-08 1.97332E-06 
950 6.50904E-08 1.97350E-06 
1000 6.49987E-08 1.97003E-06 
1050 6.50559E-08 1.97281E-06 
1100 6.50712E-08 1.97176E-06 
1150 6.52764E-08 1.97536E-06 
1200 6.51028E-08 1.97598E-06 
1250 6.50056E-08 1.97413E-06 
1300 6.50953E-08 1.97673E-06 
1350 6.50834E-08 1.97455E-06 
1400 6.52244E-08 1.97339E-06 
1450 6.50951E-08 1.97114E-06 
1500 6.50393E-08 1.97602E-06 
800 6.49081E-08 1.96788E-06 
850 6.49988E-08 1.97001E-06 
900 6.48289E-08 1.96709E-06 
950 6.50863E-08 1.96563E-06 
1000 6.50226E-08 1.96875E-06 
1050 6.51264E-08 1.96826E-06 
1100 6.48981E-08 1.97012E-06 
1150 6.49853E-08 1.96847E-06 
1200 6.49288E-08 1.97010E-06 
1250 6.50268E-08 1.96929E-06 
1300 6.51218E-08 1.96750E-06 
1350 6.51728E-08 1.97083E-06 
1400 6.48719E-08 1.96765E-06 
1450 6.48483E-08 1.96632E-06 
1500 6.51887E-08 1.96715E-06 
800 6.46696E-08 1.96434E-06 
850 6.45862E-08 1.96776E-06 
900 6.48979E-08 1.96346E-06 
950 6.49915E-08 1.96444E-06 
1000 6.48791E-08 1.96440E-06 
1050 6.48178E-08 1.96056E-06 
1100 6.49683E-08 1.96426E-06 
1150 6.47010E-08 1.96803E-06 
1200 6.46396E-08 1.96323E-06 
1250 6.47741E-08 1.96661E-06 
1300 6.47104E-08 1.96727E-06 
1350 6.48607E-08 1.96314E-06 
1400 6.46363E-08 1.96372E-06 
1450 6.48213E-08 1.95986E-06 
1500 6.48538E-08 1.96494E-06 
800 6.44255E-08 1.95732E-06 
850 6.46718E-08 1.95493E-06 
900 6.46679E-08 1.96108E-06 
950 6.47397E-08 1.96461E-06 
1000 6.46664E-08 1.95923E-06 
1050 6.46598E-08 1.95944E-06 
1100 6.46771E-08 1.95866E-06 
1150 6.45730E-08 1.96013E-06 
1200 6.46442E-08 1.96090E-06 
1250 6.47252E-08 1.95917E-06 
1300 6.46940E-08 1.96174E-06 
1350 6.47263E-08 1.95876E-06 
1400 6.46874E-08 1.96127E-06 
1450 6.45715E-08 1.95825E-06 
1500 6.47846E-08 1.95773E-06 
800 6.45582E-08 1.95403E-06 
850 6.43507E-08 1.95855E-06 
900 6.44305E-08 1.95103E-06 
950 6.47074E-08 1.95352E-06 
1000 6.46263E-08 1.95416E-06 
1050 6.46760E-08 1.95338E-06 
1100 6.45207E-08 1.94705E-06 
1150 6.44193E-08 1.95633E-06 
1200 6.44264E-08 1.95553E-06 
1250 6.44202E-08 1.95617E-06 
1300 6.43815E-08 1.94908E-06 
1350 6.46035E-08 1.95237E-06 
1400 6.45181E-08 1.95791E-06 
1450 6.45256E-08 1.95009E-06 
1500 6.43564E-08 1.95726E-06 
800 6.42254E-08 1.94996E-06 
850 6.41661E-08 1.95065E-06 
900 6.44551E-08 1.94897E-06 
950 6.43955E-08 1.95144E-06 
1000 6.44087E-08 1.95206E-06 
1050 6.43114E-08 1.94566E-06 
1100 6.43939E-08 1.95104E-06 
1150 6.43591E-08 1.94779E-06 
1200 6.43764E-08 1.94603E-06 
1250 6.43021E-08 1.94990E-06 
1300 6.42769E-08 1.94850E-06 
1350 6.45476E-08 1.95116E-06 
1400 6.42437E-08 1.94722E-06 
1450 6.44665E-08 1.94813E-06 
1500 6.43861E-08 1.94563E-06 
800 6.40551E-08 1.94746E-06 
850 6.40924E-08 1.94343E-06 
900 6.42340E-08 1.94648E-06 
950 6.42777E-08 1.94004E-06 
1000 6.40815E-08 1.94526E-06 
1050 6.41603E-08 1.94516E-06 
1100 6.41158E-08 1.94324E-06 
1150 6.43162E-08 1.94552E-06 
1200 6.41615E-08 1.94729E-06 
1250 6.42615E-08 1.94351E-06 
1300 6.42223E-08 1.94361E-06 
1350 6.42927E-08 1.94260E-06 
1400 6.43998E-08 1.94320E-06 
1450 6.41087E-08 1.94934E-06 
1500 6.41464E-08 1.94400E-06 
800 6.38466E-08 1.93607E-06 
850 6.41496E-08 1.93960E-06 
900 6.42155E-08 1.94033E-06 
950 6.42285E-08 1.94095E-06 
1000 6.40274E-08 1.94058E-06 
1050 6.40781E-08 1.93552E-06 
1100 6.42162E-08 1.94043E-06 
1150 6.42201E-08 1.94315E-06 
1200 6.41752E-08 1.94202E-06 
1250 6.39430E-08 1.94206E-06 
1300 6.39728E-08 1.94165E-06 
1350 6.40289E-08 1.94118E-06 
1400 6.41114E-08 1.94132E-06 
1450 6.40608E-08 1.93932E-06 
1500 6.41208E-08 1.93844E-06 
800 6.38689E-08 1.93446E-06 
850 6.40271E-08 1.93744E-06 
900 6.39683E-08 1.93373E-06 
950 6.40562E-08 1.93467E-06 
1000 6.38836E-08 1.93564E-06 
1050 6.39809E-08 1.93240E-06 
1100 6.39686E-08 1.93436E-06 
1150 6.39778E-08 1.93738E-06 
1200 6.41475E-08 1.93890E-06 
1250 6.41790E-08 1.93533E-06 
1300 6.39371E-08 1.93899E-06 
1350 6.38010E-08 1.93918E-06 
1400 6.38480E-08 1.93213E-06 
1450 6.39932E-08 1.93268E-06 
1500 6.39584E-08 1.94006E-06 
800 6.36819E-08 1.93065E-06 
850 6.38467E-08 1.92890E-06 
900 6.35945E-08 1.92712E-06 
950 6.38225E-08 1.92801E-06 
1000 6.36994E-08 1.93297E-06 
1050 6.40317E-08 1.93139E-06 
1100 6.38227E-08 1.93192E-06 
1150 6.37720E-08 1.93144E-06 
1200 6.37725E-08 1.93351E-06 
1250 6.37932E-08 1.92973E-06 
1300 6.37222E-08 1.93220E-06 
1350 6.40959E-08 1.93133E-06 
1400 6.38105E-08 1.93308E-06 
1450 6.38155E-08 1.92876E-06 
1500 6.38189E-08 1.93084E-06 
800 6.38792E-08 1.92251E-06 
850 6.34927E-08 1.92681E-06 
900 6.37155E-08 1.92655E-06 
950 6.38660E-08 1.92180E-06 
1000 6.37078E-08 1.92718E-06 
1050 6.36936E-08 1.92787E-06 
1100 6.37383E-08 1.92803E-06 
1150 6.37309E-08 1.92378E-06 
1200 6.37716E-08 1.92806E-06 
1250 6.37745E-08 1.92543E-06 
1300 6.36480E-08 1.92241E-06 
1350 6.37807E-08 1.92844E-06 
1400 6.37610E-08 1.92714E-06 
1450 6.36140E-08 1.92377E-06 
1500 6.38198E-08 1.92316E-06 
800 6.36569E-08 1.92217E-06 
850 6.36494E-08 1.92088E-06 
900 6.35916E-08 1.92045E-06 
950 6.37128E-08 1.92078E-06 
1000 6.35049E-08 1.92120E-06 
1050 6.35539E-08 1.92337E-06 
1100 6.37352E-08 1.91970E-06 
1150 6.35763E-08 1.92397E-06 
1200 6.36334E-08 1.92237E-06 
1250 6.35639E-08 1.91893E-06 
1300 6.37034E-08 1.92539E-06 
1350 6.35112E-08 1.91830E-06 
1400 6.35987E-08 1.92425E-06 
1450 6.36538E-08 1.92088E-06 
1500 6.36762E-08 1.92181E-06 
