800 3.87968E-01 2.03339E-03 1.76296E-03 4.42985E-01 
850 3.87887E-01 2.00163E-03 1.75561E-03 4.42941E-01 
900 3.87924E-01 2.04122E-03 1.76513E-03 4.42994E-01 
950 3.87926E-01 2.04293E-03 1.76261E-03 4.42941E-01 
1000 3.87933E-01 2.03167E-03 1.76546E-03 4.43018E-01 
1050 3.87919E-01 2.06438E-03 1.75802E-03 4.42917E-01 
1100 3.87979E-01 2.03994E-03 1.75987E-03 4.42954E-01 
1150 3.87997E-01 1.99277E-03 1.75647E-03 4.43024E-01 
1200 3.87951E-01 2.01285E-03 1.75288E-03 4.43011E-01 
1250 3.88006E-01 1.98445E-03 1.76527E-03 4.43027E-01 
1300 3.88019E-01 1.97104E-03 1.76432E-03 4.43020E-01 
1350 3.88020E-01 2.05982E-03 1.76436E-03 4.42907E-01 
1400 3.87960E-01 2.02676E-03 1.76454E-03 4.42976E-01 
1450 3.87990E-01 2.01905E-03 1.74734E-03 4.42989E-01 
1500 3.88016E-01 2.01804E-03 1.75213E-03 4.42980E-01 
800 3.87927E-01 2.05817E-03 1.76559E-03 4.42857E-01 
850 3.87882E-01 2.00982E-03 1.75932E-03 4.42988E-01 
900 3.87973E-01 2.02345E-03 1.75654E-03 4.42938E-01 
950 3.87963E-01 2.01435E-03 1.76242E-03 4.42963E-01 
1000 3.87902E-01 2.03982E-03 1.75378E-03 4.42921E-01 
1050 3.87923E-01 2.06326E-03 1.75533E-03 4.42902E-01 
1100 3.87879E-01 2.02309E-03 1.75518E-03 4.42932E-01 
1150 3.87916E-01 2.05351E-03 1.76236E-03 4.42925E-01 
1200 3.87926E-01 2.03392E-03 1.74901E-03 4.42909E-01 
1250 3.87785E-01 2.06334E-03 1.76054E-03 4.42901E-01 
1300 3.88033E-01 2.06301E-03 1.76151E-03 4.42908E-01 
1350 3.88003E-01 2.01553E-03 1.76617E-03 4.42946E-01 
1400 3.87996E-01 2.05569E-03 1.75700E-03 4.42834E-01 
1450 3.87984E-01 2.04750E-03 1.75265E-03 4.42926E-01 
1500 3.87956E-01 2.01726E-03 1.76516E-03 4.42948E-01 
800 3.87888E-01 2.05229E-03 1.75192E-03 4.42880E-01 
850 3.87861E-01 2.02996E-03 1.75439E-03 4.42897E-01 
900 3.87967E-01 2.06554E-03 1.75493E-03 4.42860E-01 
950 3.87754E-01 2.02685E-03 1.75375E-03 4.42852E-01 
1000 3.87837E-01 2.05428E-03 1.75574E-03 4.42885E-01 
1050 3.87923E-01 2.04956E-03 1.76221E-03 4.42828E-01 
1100 3.87905E-01 2.02493E-03 1.75358E-03 4.42900E-01 
1150 3.87891E-01 2.05860E-03 1.76162E-03 4.42849E-01 
1200 3.87826E-01 2.04825E-03 1.75645E-03 4.42818E-01 
1250 3.87949E-01 1.99557E-03 1.74557E-03 4.42904E-01 
1300 3.87844E-01 2.02818E-03 1.75392E-03 4.42869E-01 
1350 3.87927E-01 2.05241E-03 1.74936E-03 4.42876E-01 
1400 3.87860E-01 2.02238E-03 1.74189E-03 4.42925E-01 
1450 3.87926E-01 2.04746E-03 1.75976E-03 4.42888E-01 
1500 3.87921E-01 2.04760E-03 1.76125E-03 4.42878E-01 
800 3.87805E-01 1.98653E-03 1.74646E-03 4.42923E-01 
850 3.87790E-01 2.06269E-03 1.75051E-03 4.42823E-01 
900 3.87785E-01 2.02871E-03 1.74767E-03 4.42860E-01 
950 3.87801E-01 2.05152E-03 1.74510E-03 4.42823E-01 
1000 3.87843E-01 2.01606E-03 1.74908E-03 4.42835E-01 
1050 3.87797E-01 2.04354E-03 1.75384E-03 4.42809E-01 
1100 3.87812E-01 2.09841E-03 1.75040E-03 4.42776E-01 
1150 3.87873E-01 2.01378E-03 1.75770E-03 4.42869E-01 
1200 3.87894E-01 2.04495E-03 1.74941E-03 4.42821E-01 
1250 3.87778E-01 2.02068E-03 1.73603E-03 4.42871E-01 
1300 3.87801E-01 2.05568E-03 1.74696E-03 4.42854E-01 
1350 3.87854E-01 2.07443E-03 1.74874E-03 4.42769E-01 
1400 3.87875E-01 2.03366E-03 1.75360E-03 4.42825E-01 
1450 3.87860E-01 2.02013E-03 1.74598E-03 4.42833E-01 
1500 3.87714E-01 2.03019E-03 1.74721E-03 4.42838E-01 
800 3.87766E-01 2.01765E-03 1.74319E-03 4.42793E-01 
850 3.87881E-01 2.05999E-03 1.75165E-03 4.42782E-01 
900 3.87846E-01 2.09201E-03 1.74225E-03 4.42738E-01 
950 3.87890E-01 2.00813E-03 1.74196E-03 4.42779E-01 
1000 3.87862E-01 2.06304E-03 1.75315E-03 4.42798E-01 
1050 3.87886E-01 2.05311E-03 1.75406E-03 4.42774E-01 
1100 3.87744E-01 2.04781E-03 1.73863E-03 4.42790E-01 
1150 3.87881E-01 2.04038E-03 1.75013E-03 4.42801E-01 
1200 3.87770E-01 2.02025E-03 1.74778E-03 4.42802E-01 
1250 3.87838E-01 2.05389E-03 1.74938E-03 4.42762E-01 
1300 3.87829E-01 2.03609E-03 1.74960E-03 4.42781E-01 
1350 3.87851E-01 2.05144E-03 1.76030E-03 4.42800E-01 
1400 3.87738E-01 2.06178E-03 1.74220E-03 4.42761E-01 
1450 3.87793E-01 2.06390E-03 1.74214E-03 4.42725E-01 
1500 3.87950E-01 2.08711E-03 1.75658E-03 4.42743E-01 
800 3.87747E-01 2.01533E-03 1.73851E-03 4.42779E-01 
850 3.87664E-01 2.07236E-03 1.73364E-03 4.42723E-01 
900 3.87873E-01 2.04615E-03 1.74695E-03 4.42751E-01 
950 3.87807E-01 2.00923E-03 1.75542E-03 4.42784E-01 
1000 3.87831E-01 2.08051E-03 1.75253E-03 4.42728E-01 
1050 3.87779E-01 2.04756E-03 1.74423E-03 4.42735E-01 
1100 3.87766E-01 2.00309E-03 1.74778E-03 4.42793E-01 
1150 3.87776E-01 2.04074E-03 1.74027E-03 4.42758E-01 
1200 3.87761E-01 2.04010E-03 1.73656E-03 4.42776E-01 
1250 3.87735E-01 2.01781E-03 1.74117E-03 4.42806E-01 
1300 3.87698E-01 2.02354E-03 1.74143E-03 4.42804E-01 
1350 3.87768E-01 2.01975E-03 1.74116E-03 4.42769E-01 
1400 3.87598E-01 2.10386E-03 1.74350E-03 4.42706E-01 
1450 3.87803E-01 2.03709E-03 1.73794E-03 4.42715E-01 
1500 3.87755E-01 2.07754E-03 1.74822E-03 4.42720E-01 
800 3.87663E-01 2.05377E-03 1.74128E-03 4.42724E-01 
850 3.87713E-01 2.06778E-03 1.74716E-03 4.42666E-01 
900 3.87730E-01 2.09301E-03 1.74217E-03 4.42713E-01 
950 3.87688E-01 2.02413E-03 1.74627E-03 4.42789E-01 
1000 3.87745E-01 2.00600E-03 1.73971E-03 4.42749E-01 
1050 3.87721E-01 2.02438E-03 1.74239E-03 4.42750E-01 
1100 3.87728E-01 2.01805E-03 1.74049E-03 4.42760E-01 
1150 3.87743E-01 2.06204E-03 1.74243E-03 4.42731E-01 
1200 3.87679E-01 2.04641E-03 1.73836E-03 4.42713E-01 
1250 3.87699E-01 2.05967E-03 1.74243E-03 4.42717E-01 
1300 3.87789E-01 2.07383E-03 1.74203E-03 4.42735E-01 
1350 3.87715E-01 2.07326E-03 1.74450E-03 4.42664E-01 
1400 3.87804E-01 2.04582E-03 1.73973E-03 4.42722E-01 
1450 3.87679E-01 2.07284E-03 1.73210E-03 4.42658E-01 
1500 3.87781E-01 2.06465E-03 1.74714E-03 4.42654E-01 
800 3.87707E-01 2.06278E-03 1.74288E-03 4.42662E-01 
850 3.87589E-01 2.04221E-03 1.73964E-03 4.42726E-01 
900 3.87616E-01 2.05757E-03 1.74633E-03 4.42666E-01 
950 3.87732E-01 2.05314E-03 1.75238E-03 4.42651E-01 
1000 3.87666E-01 2.06209E-03 1.74800E-03 4.42677E-01 
1050 3.87667E-01 2.06252E-03 1.75382E-03 4.42637E-01 
1100 3.87725E-01 2.09939E-03 1.74227E-03 4.42573E-01 
1150 3.87738E-01 2.05360E-03 1.74152E-03 4.42656E-01 
1200 3.87742E-01 2.07139E-03 1.73699E-03 4.42658E-01 
1250 3.87660E-01 2.08248E-03 1.74425E-03 4.42655E-01 
1300 3.87686E-01 2.07226E-03 1.73043E-03 4.42658E-01 
1350 3.87733E-01 2.03107E-03 1.74922E-03 4.42694E-01 
1400 3.87778E-01 2.05322E-03 1.73848E-03 4.42713E-01 
1450 3.87773E-01 2.04765E-03 1.74166E-03 4.42639E-01 
1500 3.87604E-01 2.08704E-03 1.73703E-03 4.42649E-01 
800 3.87618E-01 2.07133E-03 1.73403E-03 4.42616E-01 
850 3.87599E-01 2.06726E-03 1.72983E-03 4.42616E-01 
900 3.87640E-01 2.10791E-03 1.74366E-03 4.42571E-01 
950 3.87667E-01 2.05409E-03 1.74063E-03 4.42666E-01 
1000 3.87637E-01 2.05210E-03 1.74104E-03 4.42642E-01 
1050 3.87532E-01 2.11079E-03 1.73509E-03 4.42554E-01 
1100 3.87757E-01 2.05634E-03 1.73894E-03 4.42616E-01 
1150 3.87718E-01 2.08156E-03 1.74374E-03 4.42602E-01 
1200 3.87643E-01 2.05382E-03 1.74524E-03 4.42622E-01 
1250 3.87675E-01 2.09624E-03 1.73864E-03 4.42589E-01 
1300 3.87608E-01 2.05636E-03 1.73759E-03 4.42624E-01 
1350 3.87792E-01 2.06262E-03 1.74748E-03 4.42635E-01 
1400 3.87753E-01 2.06792E-03 1.73459E-03 4.42592E-01 
1450 3.87784E-01 2.05470E-03 1.73678E-03 4.42628E-01 
1500 3.87690E-01 2.07504E-03 1.73994E-03 4.42590E-01 
800 3.87688E-01 2.02206E-03 1.73213E-03 4.42635E-01 
850 3.87526E-01 2.09314E-03 1.73602E-03 4.42543E-01 
900 3.87577E-01 2.14012E-03 1.74161E-03 4.42515E-01 
950 3.87594E-01 2.07757E-03 1.73933E-03 4.42534E-01 
1000 3.87584E-01 2.09721E-03 1.72656E-03 4.42570E-01 
1050 3.87552E-01 2.06395E-03 1.73547E-03 4.42592E-01 
1100 3.87592E-01 2.09871E-03 1.73592E-03 4.42558E-01 
1150 3.87611E-01 2.05280E-03 1.74108E-03 4.42638E-01 
1200 3.87628E-01 2.08036E-03 1.73527E-03 4.42587E-01 
1250 3.87617E-01 2.08040E-03 1.74135E-03 4.42564E-01 
1300 3.87584E-01 2.04559E-03 1.73750E-03 4.42558E-01 
1350 3.87542E-01 2.04047E-03 1.74437E-03 4.42623E-01 
1400 3.87633E-01 2.06479E-03 1.73674E-03 4.42556E-01 
1450 3.87585E-01 2.05435E-03 1.73120E-03 4.42651E-01 
1500 3.87672E-01 2.06130E-03 1.72873E-03 4.42608E-01 
800 3.87591E-01 2.03279E-03 1.72625E-03 4.42603E-01 
850 3.87585E-01 2.10543E-03 1.73894E-03 4.42538E-01 
900 3.87685E-01 2.08892E-03 1.73926E-03 4.42536E-01 
950 3.87665E-01 2.06373E-03 1.74361E-03 4.42560E-01 
1000 3.87518E-01 2.03469E-03 1.74196E-03 4.42605E-01 
1050 3.87575E-01 2.09328E-03 1.74170E-03 4.42534E-01 
1100 3.87650E-01 2.12552E-03 1.74111E-03 4.42482E-01 
1150 3.87685E-01 2.03913E-03 1.73932E-03 4.42590E-01 
1200 3.87637E-01 2.03742E-03 1.73575E-03 4.42577E-01 
1250 3.87450E-01 2.07844E-03 1.73132E-03 4.42518E-01 
1300 3.87585E-01 2.10956E-03 1.73100E-03 4.42503E-01 
1350 3.87478E-01 2.07310E-03 1.73426E-03 4.42548E-01 
1400 3.87625E-01 2.08455E-03 1.74262E-03 4.42548E-01 
1450 3.87490E-01 2.09195E-03 1.72861E-03 4.42532E-01 
1500 3.87645E-01 2.11937E-03 1.73481E-03 4.42458E-01 
800 3.87592E-01 2.11448E-03 1.73147E-03 4.42461E-01 
850 3.87529E-01 2.09478E-03 1.74247E-03 4.42484E-01 
900 3.87551E-01 2.09742E-03 1.73319E-03 4.42451E-01 
950 3.87584E-01 2.10172E-03 1.74306E-03 4.42477E-01 
1000 3.87588E-01 2.12370E-03 1.73164E-03 4.42466E-01 
1050 3.87613E-01 2.10385E-03 1.73846E-03 4.42464E-01 
1100 3.87572E-01 2.10731E-03 1.73539E-03 4.42476E-01 
1150 3.87608E-01 2.07620E-03 1.72361E-03 4.42509E-01 
1200 3.87623E-01 2.12189E-03 1.74399E-03 4.42477E-01 
1250 3.87626E-01 2.12485E-03 1.74643E-03 4.42476E-01 
1300 3.87583E-01 2.11246E-03 1.73161E-03 4.42490E-01 
1350 3.87461E-01 2.08271E-03 1.73114E-03 4.42527E-01 
1400 3.87428E-01 2.08737E-03 1.73493E-03 4.42458E-01 
1450 3.87597E-01 2.05844E-03 1.73989E-03 4.42492E-01 
1500 3.87569E-01 2.05886E-03 1.73515E-03 4.42544E-01 
800 3.87484E-01 2.10907E-03 1.73704E-03 4.42423E-01 
850 3.87491E-01 2.14187E-03 1.74385E-03 4.42365E-01 
900 3.87518E-01 2.07859E-03 1.72536E-03 4.42422E-01 
950 3.87532E-01 2.10938E-03 1.73207E-03 4.42436E-01 
1000 3.87537E-01 2.08887E-03 1.72789E-03 4.42485E-01 
1050 3.87543E-01 2.12966E-03 1.74285E-03 4.42416E-01 
1100 3.87581E-01 2.05873E-03 1.72813E-03 4.42512E-01 
1150 3.87504E-01 2.08561E-03 1.73257E-03 4.42460E-01 
1200 3.87531E-01 2.04605E-03 1.72867E-03 4.42531E-01 
1250 3.87513E-01 2.12555E-03 1.73836E-03 4.42400E-01 
1300 3.87473E-01 2.05827E-03 1.73108E-03 4.42505E-01 
1350 3.87642E-01 2.06820E-03 1.74007E-03 4.42478E-01 
1400 3.87489E-01 2.10973E-03 1.73918E-03 4.42452E-01 
1450 3.87516E-01 2.08086E-03 1.73440E-03 4.42438E-01 
1500 3.87498E-01 2.12507E-03 1.73692E-03 4.42410E-01 
800 3.87550E-01 2.08465E-03 1.74501E-03 4.42417E-01 
850 3.87427E-01 2.08537E-03 1.72655E-03 4.42437E-01 
900 3.87397E-01 2.13310E-03 1.73365E-03 4.42357E-01 
950 3.87588E-01 2.12157E-03 1.74405E-03 4.42378E-01 
1000 3.87504E-01 2.08690E-03 1.73220E-03 4.42453E-01 
1050 3.87477E-01 2.05725E-03 1.73101E-03 4.42471E-01 
1100 3.87466E-01 2.08967E-03 1.73280E-03 4.42473E-01 
1150 3.87512E-01 2.13347E-03 1.73506E-03 4.42365E-01 
1200 3.87583E-01 2.10242E-03 1.73892E-03 4.42420E-01 
1250 3.87477E-01 2.08071E-03 1.73204E-03 4.42398E-01 
1300 3.87544E-01 2.12952E-03 1.73204E-03 4.42357E-01 
1350 3.87514E-01 2.09121E-03 1.73939E-03 4.42459E-01 
1400 3.87531E-01 2.06392E-03 1.73671E-03 4.42469E-01 
1450 3.87579E-01 2.12309E-03 1.72622E-03 4.42391E-01 
1500 3.87550E-01 2.08049E-03 1.73647E-03 4.42420E-01 
800 3.87603E-01 2.09198E-03 1.73965E-03 4.42392E-01 
850 3.87485E-01 2.09012E-03 1.73732E-03 4.42359E-01 
900 3.87556E-01 2.10581E-03 1.73483E-03 4.42347E-01 
950 3.87546E-01 2.09103E-03 1.74144E-03 4.42386E-01 
1000 3.87497E-01 2.09699E-03 1.73326E-03 4.42384E-01 
1050 3.87410E-01 2.13830E-03 1.73349E-03 4.42307E-01 
1100 3.87486E-01 2.13392E-03 1.73879E-03 4.42337E-01 
1150 3.87386E-01 2.09224E-03 1.73870E-03 4.42381E-01 
1200 3.87468E-01 2.07790E-03 1.73426E-03 4.42391E-01 
1250 3.87434E-01 2.14781E-03 1.73656E-03 4.42290E-01 
1300 3.87543E-01 2.07216E-03 1.74095E-03 4.42428E-01 
1350 3.87534E-01 2.08647E-03 1.73160E-03 4.42353E-01 
1400 3.87464E-01 2.10891E-03 1.73322E-03 4.42413E-01 
1450 3.87444E-01 2.14178E-03 1.73081E-03 4.42296E-01 
1500 3.87525E-01 2.12159E-03 1.73469E-03 4.42306E-01 
