850 3.78854E-03 1.20428E-03 
900 3.80344E-03 1.21095E-03 
950 3.79681E-03 1.20724E-03 
1000 3.79372E-03 1.21805E-03 
850 3.80623E-03 1.20698E-03 
900 3.80446E-03 1.20949E-03 
950 3.80910E-03 1.21185E-03 
1000 3.79808E-03 1.19337E-03 
850 3.82543E-03 1.21235E-03 
900 3.83352E-03 1.20867E-03 
950 3.82376E-03 1.20749E-03 
1000 3.82315E-03 1.19790E-03 
850 3.83062E-03 1.18804E-03 
900 3.83946E-03 1.19764E-03 
950 3.83966E-03 1.21007E-03 
1000 3.82281E-03 1.20324E-03 
1050 3.84290E-03 1.19149E-03 
1100 3.85736E-03 1.19322E-03 
1150 3.85993E-03 1.19560E-03 
1200 3.87527E-03 1.18885E-03 
1250 3.88521E-03 1.17923E-03 
1300 3.91049E-03 1.20182E-03 
1350 3.93377E-03 1.19350E-03 
1400 3.93904E-03 1.18657E-03 
1450 3.96747E-03 1.19632E-03 
1500 3.97492E-03 1.19015E-03 
1550 3.99438E-03 1.19306E-03 
