800 1.77673E-03 2.17702E-03 
850 1.76953E-03 2.14474E-03 
900 1.77883E-03 2.18479E-03 
950 1.77623E-03 2.18613E-03 
1000 1.77960E-03 2.17533E-03 
1050 1.77176E-03 2.20760E-03 
1100 1.77354E-03 2.18327E-03 
1150 1.77025E-03 2.13616E-03 
1200 1.76697E-03 2.15617E-03 
1250 1.77902E-03 2.12781E-03 
1300 1.77806E-03 2.11461E-03 
1350 1.77823E-03 2.20316E-03 
1400 1.77812E-03 2.17013E-03 
1450 1.76103E-03 2.16249E-03 
1500 1.76612E-03 2.16117E-03 
800 1.77928E-03 2.20078E-03 
850 1.77289E-03 2.15293E-03 
900 1.77020E-03 2.16649E-03 
950 1.77606E-03 2.15721E-03 
1000 1.76755E-03 2.18300E-03 
1050 1.76909E-03 2.20618E-03 
1100 1.76873E-03 2.16603E-03 
1150 1.77627E-03 2.19642E-03 
1200 1.76289E-03 2.17660E-03 
1250 1.77473E-03 2.20600E-03 
1300 1.77554E-03 2.20603E-03 
1350 1.77988E-03 2.15830E-03 
1400 1.77082E-03 2.19827E-03 
1450 1.76656E-03 2.19076E-03 
1500 1.77854E-03 2.16020E-03 
800 1.76579E-03 2.19474E-03 
850 1.76809E-03 2.17243E-03 
900 1.76875E-03 2.20821E-03 
950 1.76776E-03 2.16921E-03 
1000 1.76942E-03 2.19675E-03 
1050 1.77609E-03 2.19185E-03 
1100 1.76737E-03 2.16768E-03 
1150 1.77544E-03 2.20120E-03 
1200 1.77026E-03 2.19033E-03 
1250 1.75951E-03 2.13812E-03 
1300 1.76824E-03 2.17044E-03 
1350 1.76356E-03 2.19527E-03 
1400 1.75564E-03 2.16519E-03 
1450 1.77378E-03 2.18995E-03 
1500 1.77505E-03 2.19015E-03 
800 1.76049E-03 2.12879E-03 
850 1.76436E-03 2.20485E-03 
900 1.76184E-03 2.17074E-03 
950 1.75914E-03 2.19367E-03 
1000 1.76297E-03 2.15797E-03 
1050 1.76811E-03 2.18564E-03 
1100 1.76438E-03 2.24044E-03 
1150 1.77173E-03 2.15607E-03 
1200 1.76295E-03 2.18717E-03 
1250 1.75022E-03 2.16288E-03 
1300 1.76114E-03 2.19806E-03 
1350 1.76280E-03 2.21666E-03 
1400 1.76749E-03 2.17581E-03 
1450 1.75963E-03 2.16212E-03 
1500 1.76084E-03 2.17241E-03 
800 1.75696E-03 2.15940E-03 
850 1.76573E-03 2.20190E-03 
900 1.75654E-03 2.23359E-03 
950 1.75556E-03 2.14971E-03 
1000 1.76724E-03 2.20485E-03 
1050 1.76796E-03 2.19489E-03 
1100 1.75278E-03 2.18972E-03 
1150 1.76432E-03 2.18218E-03 
1200 1.76173E-03 2.16204E-03 
1250 1.76305E-03 2.19573E-03 
1300 1.76355E-03 2.17781E-03 
1350 1.77430E-03 2.19341E-03 
1400 1.75581E-03 2.20352E-03 
1450 1.75610E-03 2.20554E-03 
1500 1.77031E-03 2.22869E-03 
800 1.75212E-03 2.15683E-03 
850 1.74750E-03 2.21411E-03 
900 1.76090E-03 2.18747E-03 
950 1.76907E-03 2.15072E-03 
1000 1.76658E-03 2.22201E-03 
1050 1.75840E-03 2.18879E-03 
1100 1.76143E-03 2.14458E-03 
1150 1.75399E-03 2.18251E-03 
1200 1.75013E-03 2.18140E-03 
1250 1.75480E-03 2.15947E-03 
1300 1.75527E-03 2.16524E-03 
1350 1.75539E-03 2.16116E-03 
1400 1.75740E-03 2.24531E-03 
1450 1.75180E-03 2.17827E-03 
1500 1.76202E-03 2.21897E-03 
800 1.75514E-03 2.19477E-03 
850 1.76103E-03 2.20860E-03 
900 1.75604E-03 2.23415E-03 
950 1.76034E-03 2.16563E-03 
1000 1.75379E-03 2.14712E-03 
1050 1.75618E-03 2.16552E-03 
1100 1.75414E-03 2.15914E-03 
1150 1.75625E-03 2.20324E-03 
1200 1.75207E-03 2.18754E-03 
1250 1.75633E-03 2.20079E-03 
1300 1.75604E-03 2.21514E-03 
1350 1.75843E-03 2.21436E-03 
1400 1.75370E-03 2.18709E-03 
1450 1.74620E-03 2.21390E-03 
1500 1.76104E-03 2.20555E-03 
800 1.75704E-03 2.20353E-03 
850 1.75342E-03 2.18329E-03 
900 1.76008E-03 2.19799E-03 
950 1.76618E-03 2.19385E-03 
1000 1.76201E-03 2.20285E-03 
1050 1.76773E-03 2.20323E-03 
1100 1.75635E-03 2.23965E-03 
1150 1.75517E-03 2.19452E-03 
1200 1.75078E-03 2.21213E-03 
1250 1.75822E-03 2.22338E-03 
1300 1.74425E-03 2.21265E-03 
1350 1.76302E-03 2.17171E-03 
1400 1.75229E-03 2.19425E-03 
1450 1.75510E-03 2.18812E-03 
1500 1.75075E-03 2.22791E-03 
800 1.74781E-03 2.21180E-03 
850 1.74376E-03 2.20778E-03 
900 1.75728E-03 2.24819E-03 
950 1.75460E-03 2.19465E-03 
1000 1.75488E-03 2.19271E-03 
1050 1.74927E-03 2.25094E-03 
1100 1.75259E-03 2.19688E-03 
1150 1.75796E-03 2.22187E-03 
1200 1.75876E-03 2.19388E-03 
1250 1.75223E-03 2.23669E-03 
1300 1.75093E-03 2.19671E-03 
1350 1.76097E-03 2.20317E-03 
1400 1.74827E-03 2.20818E-03 
1450 1.75068E-03 2.19503E-03 
1500 1.75385E-03 2.21508E-03 
800 1.74574E-03 2.16234E-03 
850 1.74962E-03 2.23313E-03 
900 1.75529E-03 2.28021E-03 
950 1.75306E-03 2.21731E-03 
1000 1.73996E-03 2.23734E-03 
1050 1.74922E-03 2.20407E-03 
1100 1.74938E-03 2.23869E-03 
1150 1.75490E-03 2.19295E-03 
1200 1.74881E-03 2.22051E-03 
1250 1.75480E-03 2.22039E-03 
1300 1.75153E-03 2.18560E-03 
1350 1.75835E-03 2.18040E-03 
1400 1.75101E-03 2.20476E-03 
1450 1.74523E-03 2.19476E-03 
1500 1.74243E-03 2.20122E-03 
800 1.73999E-03 2.17226E-03 
850 1.75294E-03 2.24515E-03 
900 1.75291E-03 2.22857E-03 
950 1.75744E-03 2.20354E-03 
1000 1.75570E-03 2.17448E-03 
1050 1.75533E-03 2.23270E-03 
1100 1.75487E-03 2.26530E-03 
1150 1.75329E-03 2.17910E-03 
1200 1.74965E-03 2.17719E-03 
1250 1.74513E-03 2.21832E-03 
1300 1.74499E-03 2.24942E-03 
1350 1.74832E-03 2.21293E-03 
1400 1.75647E-03 2.22439E-03 
1450 1.74265E-03 2.23164E-03 
1500 1.74874E-03 2.25888E-03 
800 1.74489E-03 2.25383E-03 
850 1.75631E-03 2.23435E-03 
900 1.74669E-03 2.23660E-03 
950 1.75708E-03 2.24107E-03 
1000 1.74537E-03 2.26312E-03 
1050 1.75229E-03 2.24305E-03 
1100 1.74911E-03 2.24665E-03 
1150 1.73750E-03 2.21576E-03 
1200 1.75790E-03 2.26144E-03 
1250 1.76006E-03 2.26425E-03 
1300 1.74586E-03 2.25213E-03 
1350 1.74483E-03 2.22240E-03 
1400 1.74883E-03 2.22655E-03 
1450 1.75350E-03 2.19766E-03 
1500 1.74854E-03 2.19849E-03 
800 1.75037E-03 2.24814E-03 
850 1.75750E-03 2.28082E-03 
900 1.73921E-03 2.21729E-03 
950 1.74582E-03 2.24826E-03 
1000 1.74169E-03 2.22811E-03 
1050 1.75650E-03 2.26879E-03 
1100 1.74180E-03 2.19790E-03 
1150 1.74663E-03 2.22474E-03 
1200 1.74259E-03 2.18521E-03 
1250 1.75244E-03 2.26455E-03 
1300 1.74502E-03 2.19745E-03 
1350 1.75375E-03 2.20732E-03 
1400 1.75307E-03 2.24898E-03 
1450 1.74841E-03 2.21980E-03 
1500 1.75046E-03 2.26404E-03 
800 1.75920E-03 2.22314E-03 
850 1.74036E-03 2.22417E-03 
900 1.74754E-03 2.27176E-03 
950 1.75815E-03 2.26000E-03 
1000 1.74580E-03 2.22572E-03 
1050 1.74486E-03 2.19613E-03 
1100 1.74651E-03 2.22855E-03 
1150 1.74873E-03 2.27205E-03 
1200 1.75277E-03 2.24119E-03 
1250 1.74578E-03 2.21940E-03 
1300 1.74591E-03 2.26800E-03 
1350 1.75280E-03 2.23013E-03 
1400 1.75055E-03 2.20274E-03 
1450 1.74000E-03 2.26167E-03 
1500 1.75075E-03 2.21891E-03 
800 1.75307E-03 2.23044E-03 
850 1.75107E-03 2.22850E-03 
900 1.74836E-03 2.24403E-03 
950 1.75533E-03 2.22939E-03 
1000 1.74701E-03 2.23538E-03 
1050 1.74727E-03 2.27685E-03 
1100 1.75234E-03 2.27221E-03 
1150 1.75289E-03 2.23084E-03 
1200 1.74814E-03 2.21626E-03 
1250 1.75013E-03 2.28604E-03 
1300 1.75496E-03 2.21085E-03 
1350 1.74524E-03 2.22466E-03 
1400 1.74701E-03 2.24752E-03 
1450 1.74473E-03 2.28015E-03 
1500 1.74860E-03 2.25991E-03 
