850 1.40805E-42 3.51979E-42 
900 1.40843E-42 3.52030E-42 
950 1.41048E-42 3.53421E-42 
1000 1.40680E-42 3.51982E-42 
850 1.40809E-42 3.49166E-42 
900 1.40613E-42 3.47793E-42 
950 1.40745E-42 3.47432E-42 
1000 1.40671E-42 3.46867E-42 
850 1.40367E-42 3.43838E-42 
900 1.40428E-42 3.43069E-42 
950 1.39978E-42 3.43820E-42 
1000 1.40175E-42 3.43192E-42 
850 1.40089E-42 3.39266E-42 
900 1.40065E-42 3.39469E-42 
950 1.40181E-42 3.41144E-42 
1000 1.40021E-42 3.40338E-42 
1050 1.39686E-42 3.35826E-42 
1100 1.39453E-42 3.31580E-42 
1150 1.39518E-42 3.30148E-42 
1200 1.38962E-42 3.25912E-42 
1250 1.38645E-42 3.22144E-42 
1300 1.38317E-42 3.18074E-42 
1350 1.38103E-42 3.14290E-42 
1400 1.37740E-42 3.10576E-42 
1450 1.37426E-42 3.06910E-42 
1500 1.37346E-42 3.03961E-42 
1550 1.37112E-42 3.00516E-42 
