850 1.42231E+02 5.70682E+01 
900 1.42176E+02 5.70528E+01 
950 1.42070E+02 5.68871E+01 
1000 1.42303E+02 5.70433E+01 
850 1.42213E+02 5.75130E+01 
900 1.42387E+02 5.77357E+01 
950 1.42097E+02 5.77480E+01 
1000 1.42138E+02 5.78067E+01 
850 1.42618E+02 5.83897E+01 
900 1.42499E+02 5.85072E+01 
950 1.43099E+02 5.84116E+01 
1000 1.42818E+02 5.85014E+01 
850 1.42728E+02 5.91228E+01 
900 1.43005E+02 5.91850E+01 
950 1.42958E+02 5.89190E+01 
1000 1.43213E+02 5.90835E+01 
1050 1.43337E+02 5.98012E+01 
1100 1.43455E+02 6.05144E+01 
1150 1.43744E+02 6.09349E+01 
1200 1.44185E+02 6.16622E+01 
1250 1.44631E+02 6.24462E+01 
1300 1.45003E+02 6.32507E+01 
1350 1.45110E+02 6.39572E+01 
1400 1.45381E+02 6.46867E+01 
1450 1.45725E+02 6.54635E+01 
1500 1.45753E+02 6.60896E+01 
1550 1.45969E+02 6.68250E+01 
