800 1.77375E-04 3.95281E-04 4.39326E-04 5.89981E-04 8.64266E-04 1.32010E-04 2.36246E-04 5.48485E-05 
850 2.44526E-04 3.99693E-04 4.93489E-04 7.04894E-04 1.04193E-03 1.94647E-04 2.23794E-04 5.21006E-05 
900 3.48204E-04 4.50772E-04 4.05991E-04 6.23576E-04 9.23518E-04 8.97053E-05 1.86174E-04 3.24995E-05 
950 1.91140E-04 2.92047E-04 3.76999E-04 7.26678E-04 9.02735E-04 1.28045E-04 2.13672E-04 3.85324E-05 
1000 2.83935E-04 4.64038E-04 3.38293E-04 5.23792E-04 1.01349E-03 2.88181E-04 1.86854E-04 4.83596E-05 
1050 3.55700E-04 4.96637E-04 4.23433E-04 6.23772E-04 8.78870E-04 7.91130E-05 1.82139E-04 3.46408E-05 
1100 1.42431E-04 4.01110E-04 4.48827E-04 6.57056E-04 7.16453E-04 1.16950E-04 1.99645E-04 4.27067E-05 
1150 2.63763E-04 4.75513E-04 4.91194E-04 6.85976E-04 9.01255E-04 1.09280E-04 1.73248E-04 2.51485E-05 
1200 2.30323E-04 4.68518E-04 3.69116E-04 6.33336E-04 8.30458E-04 1.33249E-04 1.62427E-04 5.27325E-05 
1250 2.77638E-04 4.53619E-04 3.89471E-04 7.00502E-04 8.26510E-04 1.42705E-04 2.12900E-04 5.82490E-05 
1300 3.37326E-04 4.52405E-04 4.82655E-04 4.94631E-04 9.40138E-04 1.47288E-04 2.30050E-04 2.95543E-05 
1350 1.96067E-04 6.33318E-04 3.71421E-04 6.04896E-04 8.70428E-04 1.31516E-04 1.45210E-04 1.76299E-05 
1400 3.17547E-04 4.97123E-04 3.84637E-04 5.79484E-04 8.88586E-04 6.70818E-05 1.70849E-04 3.86355E-05 
1450 2.33626E-04 4.76330E-04 4.26067E-04 6.04618E-04 9.85663E-04 1.65122E-04 1.93828E-04 7.61290E-05 
1500 2.78177E-04 4.47729E-04 3.47541E-04 6.67977E-04 9.57014E-04 9.20328E-05 1.58895E-04 6.96338E-05 
800 2.07410E-04 4.54197E-04 4.33391E-04 7.83050E-04 7.89803E-04 9.92023E-05 2.38621E-04 2.14249E-05 
850 2.20928E-04 4.11029E-04 3.71974E-04 6.35042E-04 8.92866E-04 7.91419E-05 1.93838E-04 3.24946E-05 
900 1.99354E-04 4.71685E-04 3.55457E-04 6.36455E-04 8.50986E-04 1.85009E-04 1.78932E-04 3.16059E-05 
950 2.33315E-04 4.58435E-04 4.00725E-04 5.44160E-04 9.99466E-04 1.21319E-04 1.97438E-04 1.13112E-05 
1000 3.22615E-04 5.45524E-04 3.58488E-04 6.46369E-04 1.03421E-03 8.14642E-05 1.83757E-04 6.03410E-05 
1050 2.40007E-04 3.60425E-04 4.50849E-04 5.41936E-04 8.39365E-04 1.30195E-04 2.80859E-04 2.58057E-05 
1100 2.05016E-04 4.31993E-04 3.97414E-04 5.97521E-04 9.79788E-04 1.12663E-04 2.27320E-04 2.75239E-05 
1150 3.04385E-04 4.14606E-04 4.48265E-04 5.99116E-04 9.03775E-04 1.25372E-04 1.38334E-04 2.80349E-05 
1200 1.99746E-04 3.40164E-04 4.54408E-04 6.64914E-04 9.37089E-04 2.06771E-04 1.97871E-04 2.30703E-05 
1250 2.93648E-04 4.82630E-04 4.28548E-04 5.55758E-04 9.08368E-04 8.91365E-05 1.52138E-04 4.75148E-05 
1300 2.53086E-04 3.96882E-04 4.46002E-04 5.76166E-04 1.03747E-03 1.79539E-04 2.68763E-04 6.81479E-05 
1350 2.52323E-04 4.75638E-04 5.12183E-04 5.76134E-04 1.08995E-03 6.93953E-05 1.51367E-04 3.90513E-05 
1400 1.63573E-04 4.91300E-04 5.37652E-04 7.71774E-04 9.76547E-04 1.74988E-04 1.34253E-04 9.53884E-05 
1450 1.92142E-04 4.77587E-04 3.98720E-04 5.77121E-04 9.55093E-04 8.68699E-05 1.50232E-04 2.01673E-05 
1500 2.73854E-04 3.89679E-04 3.83693E-04 5.60017E-04 9.25845E-04 9.95040E-05 1.64759E-04 2.11720E-05 
800 2.70115E-04 5.39398E-04 4.10808E-04 5.94962E-04 9.93158E-04 1.14205E-04 1.71808E-04 2.28030E-05 
850 2.90441E-04 5.79330E-04 3.60907E-04 5.25148E-04 8.97055E-04 1.09403E-04 2.14362E-04 5.49314E-05 
900 1.82042E-04 5.02402E-04 4.36313E-04 6.28603E-04 9.14508E-04 2.13346E-04 1.43131E-04 1.44939E-05 
950 2.10367E-04 4.50848E-04 4.26107E-04 5.67395E-04 8.95278E-04 7.32982E-05 1.38645E-04 3.44669E-05 
1000 2.05512E-04 3.51062E-04 4.63699E-04 5.32444E-04 9.39466E-04 1.20996E-04 1.58141E-04 5.32804E-05 
1050 2.62905E-04 4.57869E-04 4.34370E-04 7.16313E-04 1.02352E-03 1.35993E-04 2.49118E-04 6.55007E-05 
1100 2.41350E-04 4.43386E-04 4.37457E-04 6.11279E-04 1.03262E-03 1.10327E-04 2.16191E-04 2.81401E-05 
1150 2.43470E-04 4.49678E-04 3.91781E-04 6.12423E-04 8.83023E-04 1.26701E-04 1.67979E-04 1.84956E-05 
1200 2.34874E-04 4.13062E-04 3.50673E-04 6.33141E-04 9.14055E-04 1.24361E-04 2.28060E-04 2.92168E-05 
1250 3.01307E-04 5.18045E-04 4.81533E-04 5.05634E-04 9.47539E-04 9.64035E-05 2.65135E-04 2.05722E-05 
1300 2.43569E-04 3.63829E-04 3.68149E-04 5.73537E-04 8.81629E-04 1.52866E-04 1.81625E-04 1.52258E-05 
1350 3.34503E-04 5.00457E-04 4.93684E-04 6.07648E-04 9.41167E-04 8.26709E-05 1.20875E-04 2.95715E-05 
1400 2.40909E-04 4.51216E-04 4.08185E-04 5.85001E-04 9.41020E-04 1.86126E-04 1.96850E-04 4.01975E-05 
1450 2.44535E-04 5.14594E-04 4.16818E-04 6.72500E-04 8.40381E-04 1.48472E-04 1.96571E-04 6.31977E-05 
1500 2.50734E-04 5.25893E-04 4.16613E-04 6.21037E-04 9.17950E-04 1.03026E-04 1.79352E-04 3.30652E-05 
800 3.71055E-04 4.07215E-04 4.38730E-04 5.34727E-04 1.13612E-03 1.03554E-04 2.14880E-04 2.81509E-05 
850 2.74582E-04 4.17321E-04 3.51849E-04 5.94012E-04 9.01184E-04 1.32671E-04 1.59113E-04 2.94431E-05 
900 3.13820E-04 3.57101E-04 3.65910E-04 4.37202E-04 1.00702E-03 9.90378E-05 1.90148E-04 3.09904E-05 
950 2.41928E-04 4.57559E-04 4.26077E-04 7.76348E-04 8.20890E-04 1.14739E-04 1.63811E-04 2.12682E-05 
1000 2.43612E-04 4.99399E-04 4.04772E-04 5.58907E-04 8.37650E-04 1.68123E-04 1.55033E-04 3.46783E-05 
1050 2.25294E-04 3.49359E-04 5.46173E-04 7.03137E-04 8.77667E-04 1.49453E-04 1.53374E-04 5.46852E-05 
1100 3.27424E-04 3.53620E-04 5.87541E-04 5.62961E-04 1.13602E-03 1.56591E-04 1.75173E-04 4.46247E-05 
1150 1.98362E-04 5.08022E-04 4.23280E-04 5.87181E-04 1.05635E-03 1.44075E-04 2.30598E-04 5.01416E-05 
1200 2.74811E-04 5.55375E-04 3.58024E-04 5.84781E-04 9.73430E-04 8.30730E-05 2.10650E-04 6.08948E-05 
1250 2.69401E-04 4.36072E-04 5.43173E-04 5.43854E-04 8.28733E-04 1.29668E-04 1.40553E-04 3.77193E-05 
1300 3.47512E-04 4.17439E-04 3.89827E-04 6.99032E-04 9.00412E-04 8.32799E-05 1.85324E-04 5.71057E-05 
1350 2.56912E-04 4.08359E-04 3.45733E-04 4.91917E-04 9.25686E-04 1.06551E-04 1.84086E-04 3.65375E-05 
1400 2.55486E-04 5.39160E-04 5.31708E-04 5.77040E-04 7.81670E-04 1.78511E-04 1.65472E-04 2.88682E-05 
1450 2.99993E-04 5.18663E-04 4.21057E-04 6.96583E-04 8.71431E-04 1.38438E-04 1.73265E-04 1.01684E-04 
1500 2.39684E-04 6.16115E-04 4.09523E-04 5.49372E-04 9.49277E-04 1.15777E-04 9.41481E-05 4.22571E-05 
800 1.79879E-04 3.56149E-04 4.08423E-04 6.39296E-04 9.48234E-04 1.51314E-04 1.28831E-04 3.65714E-05 
850 2.54936E-04 4.39043E-04 5.22546E-04 6.88001E-04 8.58420E-04 9.62453E-05 1.61097E-04 5.27642E-05 
900 2.58259E-04 4.75504E-04 4.87837E-04 5.17708E-04 9.71700E-04 1.66960E-04 1.69590E-04 2.49426E-05 
950 3.24544E-04 4.82655E-04 3.50172E-04 6.07657E-04 9.62819E-04 1.51090E-04 1.94365E-04 7.60932E-05 
1000 2.42333E-04 5.56142E-04 4.23023E-04 7.03344E-04 1.00735E-03 1.83187E-04 2.24523E-04 9.31647E-05 
1050 2.73708E-04 5.20539E-04 3.61004E-04 6.18707E-04 1.00433E-03 4.12133E-05 1.90315E-04 4.35266E-05 
1100 2.55814E-04 4.30224E-04 3.30123E-04 6.71222E-04 8.27779E-04 1.11719E-04 2.57370E-04 2.56374E-05 
1150 2.99630E-04 4.23138E-04 4.50365E-04 5.81083E-04 9.90489E-04 1.23967E-04 1.69209E-04 3.72817E-05 
1200 2.25519E-04 4.79928E-04 4.70932E-04 5.74862E-04 9.21240E-04 1.55597E-04 1.87723E-04 2.37597E-05 
1250 2.33710E-04 3.76051E-04 5.24318E-04 6.72894E-04 9.15240E-04 1.48167E-04 3.38991E-04 1.71862E-05 
1300 2.14089E-04 5.13010E-04 4.20251E-04 6.39645E-04 7.85130E-04 1.58528E-04 1.84378E-04 2.35730E-05 
1350 2.09243E-04 5.46246E-04 4.10629E-04 6.04932E-04 7.12449E-04 6.62519E-05 1.64702E-04 3.21045E-05 
1400 2.37396E-04 4.37816E-04 5.25666E-04 5.51577E-04 8.34284E-04 8.05855E-05 1.45710E-04 1.86146E-05 
1450 2.11235E-04 6.08423E-04 4.63150E-04 5.43981E-04 9.07682E-04 8.91770E-05 1.86083E-04 6.11455E-05 
1500 2.47372E-04 4.86765E-04 4.84026E-04 7.08529E-04 8.78310E-04 1.06043E-04 2.32144E-04 1.00835E-04 
800 2.40948E-04 4.10868E-04 4.80510E-04 6.44350E-04 9.56649E-04 1.72530E-04 1.84757E-04 6.05650E-05 
850 1.90667E-04 5.09304E-04 4.42604E-04 5.30299E-04 9.72017E-04 1.70960E-04 1.41803E-04 3.93074E-05 
900 3.33631E-04 3.85158E-04 4.49025E-04 6.63846E-04 9.07554E-04 1.28086E-04 1.59316E-04 5.86988E-05 
950 2.05279E-04 4.59198E-04 3.64131E-04 7.67177E-04 9.51283E-04 1.55645E-04 2.78167E-04 3.81669E-05 
1000 2.75623E-04 4.64783E-04 4.45972E-04 7.05790E-04 9.77451E-04 7.73857E-05 2.21707E-04 7.38800E-05 
1050 2.07268E-04 4.65009E-04 4.91822E-04 5.49553E-04 1.03536E-03 8.18840E-05 1.88890E-04 4.73647E-05 
1100 1.83276E-04 5.64482E-04 3.85936E-04 6.66817E-04 7.78211E-04 1.57901E-04 1.21322E-04 3.90980E-05 
1150 2.12705E-04 4.45425E-04 3.93992E-04 5.88008E-04 8.20108E-04 1.31614E-04 1.78191E-04 1.84990E-05 
1200 2.06989E-04 4.15376E-04 3.77126E-04 5.36476E-04 9.15366E-04 1.04258E-04 1.99648E-04 1.86606E-05 
1250 2.28732E-04 3.28111E-04 4.18956E-04 6.58813E-04 8.72178E-04 1.19671E-04 1.79596E-04 4.83280E-05 
1300 1.93902E-04 5.19047E-04 3.24613E-04 4.96307E-04 8.70459E-04 1.19371E-04 2.25783E-04 2.77619E-05 
1350 2.41016E-04 5.22638E-04 4.29488E-04 5.86874E-04 9.77430E-04 6.81988E-05 1.62521E-04 1.25231E-05 
1400 2.83880E-04 5.76685E-04 4.59298E-04 6.87176E-04 9.97016E-04 1.84201E-04 1.49265E-04 5.85497E-05 
1450 1.36299E-04 4.82738E-04 3.86972E-04 5.86344E-04 7.90382E-04 1.24112E-04 1.36501E-04 2.55622E-05 
1500 2.82109E-04 4.36285E-04 4.44694E-04 8.79322E-04 7.72436E-04 1.25945E-04 1.44530E-04 2.96819E-05 
800 2.32925E-04 6.06024E-04 3.76491E-04 7.12772E-04 7.65887E-04 1.70922E-04 2.25769E-04 6.99624E-05 
850 2.38671E-04 3.52868E-04 3.53488E-04 7.36719E-04 9.54048E-04 1.09291E-04 1.61532E-04 4.66200E-05 
900 1.28910E-04 4.13819E-04 3.96447E-04 5.81460E-04 9.37997E-04 1.45080E-04 2.05101E-04 6.42668E-05 
950 2.61521E-04 4.71075E-04 4.84950E-04 6.45419E-04 1.00171E-03 1.30580E-04 2.05896E-04 3.71664E-05 
1000 2.35621E-04 3.78516E-04 4.67335E-04 5.54645E-04 9.64629E-04 1.54500E-04 1.37023E-04 5.19482E-05 
1050 2.32895E-04 5.53571E-04 4.08632E-04 4.99879E-04 9.58763E-04 1.84247E-04 2.54241E-04 2.73438E-05 
1100 2.44040E-04 4.80621E-04 4.67296E-04 6.66548E-04 7.99480E-04 1.52033E-04 2.53134E-04 6.73011E-05 
1150 1.85088E-04 5.25108E-04 4.94396E-04 6.10204E-04 8.66564E-04 1.36035E-04 2.02813E-04 3.77863E-05 
1200 2.23272E-04 5.30681E-04 4.78745E-04 5.30450E-04 1.07960E-03 9.45171E-05 2.66408E-04 2.02438E-05 
1250 2.26147E-04 4.34945E-04 5.00554E-04 5.27260E-04 1.03645E-03 8.61375E-05 1.69011E-04 2.08382E-05 
1300 2.55571E-04 5.57832E-04 4.28759E-04 6.08877E-04 8.97556E-04 1.48669E-04 1.95282E-04 3.03154E-05 
1350 1.90241E-04 5.91504E-04 4.50414E-04 5.31354E-04 8.62654E-04 8.65261E-05 1.73228E-04 1.08844E-05 
1400 2.58841E-04 5.33794E-04 4.42190E-04 6.00542E-04 9.19571E-04 1.03467E-04 1.85995E-04 3.23174E-05 
1450 2.34033E-04 3.92545E-04 4.99899E-04 7.57155E-04 8.37135E-04 2.03262E-04 1.85082E-04 3.33590E-05 
1500 2.63051E-04 4.66369E-04 4.99092E-04 6.79095E-04 9.53938E-04 1.54286E-04 1.89478E-04 2.45434E-05 
800 2.29098E-04 3.65647E-04 3.77438E-04 7.34560E-04 9.74488E-04 1.45486E-04 1.76125E-04 1.16292E-05 
850 1.86966E-04 4.21136E-04 4.40306E-04 6.21290E-04 1.14189E-03 1.60814E-04 1.50762E-04 2.48291E-05 
900 2.82138E-04 4.99310E-04 4.51667E-04 5.22226E-04 8.82412E-04 9.96285E-05 1.93695E-04 2.86633E-05 
950 2.51325E-04 4.22768E-04 4.31872E-04 7.28579E-04 8.79200E-04 6.84288E-05 1.50596E-04 4.46937E-05 
1000 1.95158E-04 3.64571E-04 4.82884E-04 7.27104E-04 8.87187E-04 1.65265E-04 2.23385E-04 7.29902E-05 
1050 2.46116E-04 5.15815E-04 4.54238E-04 7.32686E-04 9.83885E-04 1.20108E-04 2.93979E-04 6.78121E-05 
1100 2.35311E-04 4.77333E-04 4.14987E-04 5.89187E-04 9.07824E-04 6.82780E-05 2.27774E-04 5.00271E-05 
1150 1.91072E-04 4.07849E-04 4.79393E-04 6.96808E-04 9.46465E-04 1.10226E-04 1.80452E-04 6.90596E-05 
1200 2.86128E-04 4.50236E-04 3.08190E-04 6.22315E-04 9.02400E-04 1.41983E-04 2.24589E-04 3.15369E-05 
1250 1.95139E-04 4.88327E-04 4.52012E-04 7.31653E-04 9.00549E-04 1.01489E-04 2.56523E-04 4.72205E-05 
1300 2.36160E-04 3.74252E-04 3.72652E-04 6.09281E-04 8.07939E-04 1.23110E-04 1.57449E-04 1.48272E-05 
1350 1.95074E-04 3.83770E-04 4.65853E-04 6.97271E-04 9.34304E-04 1.94279E-04 1.85107E-04 4.53877E-05 
1400 2.71227E-04 4.36703E-04 3.63742E-04 6.72148E-04 1.21513E-03 8.59879E-05 2.28105E-04 1.83083E-05 
1450 2.30351E-04 4.31311E-04 3.96056E-04 6.97098E-04 9.51051E-04 9.61678E-05 1.47580E-04 4.45980E-05 
1500 1.48771E-04 6.02327E-04 4.98769E-04 5.21604E-04 1.02854E-03 1.47190E-04 1.97766E-04 5.26345E-05 
800 1.81495E-04 5.57489E-04 3.24414E-04 6.17036E-04 9.04441E-04 1.53487E-04 1.16981E-04 1.57717E-05 
850 1.86180E-04 4.15584E-04 5.07255E-04 6.43167E-04 1.02861E-03 1.26804E-04 2.00720E-04 5.24067E-05 
900 2.27809E-04 4.65801E-04 3.84934E-04 6.61005E-04 9.15164E-04 1.09338E-04 1.33256E-04 3.85195E-05 
950 2.59936E-04 3.98703E-04 5.10902E-04 5.79429E-04 9.81487E-04 1.23772E-04 2.28586E-04 2.90847E-05 
1000 2.27341E-04 3.36338E-04 4.44991E-04 6.76313E-04 9.12899E-04 1.95905E-04 1.87398E-04 2.59802E-05 
1050 1.78039E-04 4.02949E-04 3.39889E-04 5.30275E-04 8.67090E-04 2.22076E-04 2.75630E-04 3.67111E-05 
1100 2.90475E-04 4.45162E-04 4.04223E-04 5.50616E-04 9.37725E-04 1.16091E-04 2.16948E-04 1.10282E-05 
1150 1.34877E-04 4.45895E-04 3.52436E-04 6.29063E-04 8.97180E-04 1.64872E-04 1.63410E-04 4.68611E-05 
1200 2.10623E-04 6.04552E-04 3.96321E-04 5.43036E-04 9.14979E-04 1.34362E-04 2.37285E-04 2.71410E-05 
1250 2.40709E-04 3.63137E-04 4.38885E-04 6.25501E-04 1.02239E-03 1.35785E-04 1.93679E-04 1.47540E-05 
1300 2.65399E-04 4.33222E-04 4.63851E-04 7.24252E-04 8.93585E-04 1.18292E-04 1.13623E-04 2.21588E-05 
1350 1.75670E-04 3.96529E-04 4.48632E-04 5.66383E-04 9.97958E-04 1.35067E-04 1.12801E-04 6.25714E-05 
1400 2.25723E-04 3.95017E-04 4.39371E-04 5.40017E-04 8.56028E-04 1.76141E-04 2.49952E-04 2.75183E-05 
1450 2.29548E-04 5.23705E-04 4.62789E-04 5.46556E-04 1.03036E-03 2.09598E-04 2.04232E-04 3.30128E-05 
1500 3.10357E-04 4.18854E-04 4.54342E-04 6.49105E-04 9.05952E-04 1.56093E-04 2.14574E-04 2.11249E-05 
800 2.91916E-04 4.30620E-04 5.42594E-04 6.63119E-04 9.28100E-04 1.47941E-04 1.97344E-04 5.44379E-05 
850 1.64871E-04 4.83787E-04 4.53283E-04 4.60994E-04 9.89412E-04 1.39512E-04 1.63015E-04 1.25298E-04 
900 1.95690E-04 4.46517E-04 4.96364E-04 5.81287E-04 8.78897E-04 1.48560E-04 1.35017E-04 2.25374E-05 
950 1.65457E-04 4.29661E-04 4.76496E-04 6.53352E-04 9.43333E-04 1.10642E-04 1.74062E-04 3.69084E-05 
1000 3.18924E-04 3.94730E-04 4.44246E-04 7.34796E-04 1.01538E-03 1.67642E-04 2.06263E-04 5.92091E-05 
1050 2.65066E-04 4.76288E-04 4.92377E-04 6.19959E-04 1.15608E-03 8.85266E-05 1.60139E-04 5.65083E-05 
1100 2.47420E-04 5.22404E-04 3.94024E-04 7.45839E-04 7.89071E-04 1.70745E-04 2.32343E-04 3.03383E-05 
1150 2.71926E-04 5.33034E-04 4.84395E-04 6.59633E-04 1.13995E-03 1.13471E-04 1.97690E-04 2.73772E-05 
1200 2.09821E-04 4.15779E-04 4.67910E-04 7.07733E-04 9.79755E-04 5.60044E-05 1.64764E-04 2.32706E-05 
1250 2.68515E-04 4.50749E-04 3.55967E-04 6.08359E-04 1.03420E-03 1.43586E-04 1.42078E-04 2.43694E-05 
1300 2.40254E-04 4.37508E-04 3.92829E-04 5.73369E-04 8.51508E-04 1.40351E-04 2.39458E-04 7.12950E-05 
1350 2.80339E-04 3.59921E-04 3.86572E-04 5.84023E-04 8.63060E-04 1.31933E-04 1.76050E-04 4.94232E-05 
1400 2.42830E-04 5.62531E-04 3.94717E-04 4.92795E-04 9.75350E-04 1.04327E-04 1.51001E-04 2.09677E-05 
1450 2.12748E-04 4.65782E-04 4.63530E-04 6.55249E-04 9.32481E-04 2.05273E-04 1.83886E-04 1.94829E-05 
1500 2.30416E-04 3.70896E-04 4.58680E-04 7.03751E-04 1.00823E-03 1.78683E-04 2.32235E-04 1.90710E-05 
800 3.05777E-04 5.96022E-04 4.36728E-04 5.75144E-04 9.34486E-04 8.92979E-05 2.18542E-04 6.26098E-05 
850 3.32450E-04 5.00593E-04 4.05371E-04 6.10452E-04 8.59551E-04 1.36689E-04 2.08120E-04 2.66406E-05 
900 2.61684E-04 4.95153E-04 4.30650E-04 6.21781E-04 8.74375E-04 1.46905E-04 2.35508E-04 3.32969E-05 
950 2.78371E-04 4.72907E-04 4.63410E-04 6.95589E-04 1.05386E-03 1.40698E-04 2.19399E-04 7.25440E-05 
1000 1.50792E-04 4.29764E-04 4.61589E-04 5.53801E-04 8.47124E-04 8.03947E-05 1.78854E-04 4.32393E-05 
1050 2.71518E-04 3.79780E-04 3.56554E-04 6.96197E-04 1.00869E-03 6.68583E-05 2.23978E-04 2.84955E-05 
1100 2.38925E-04 4.74138E-04 4.14831E-04 6.68198E-04 9.87491E-04 1.28887E-04 1.27606E-04 4.13509E-05 
1150 2.53155E-04 5.19070E-04 4.59212E-04 5.16897E-04 8.09188E-04 1.50364E-04 2.36133E-04 5.45313E-05 
1200 1.74127E-04 5.95759E-04 5.35373E-04 5.65096E-04 8.41566E-04 1.07377E-04 1.75144E-04 1.48199E-05 
1250 1.62711E-04 4.19342E-04 4.06947E-04 7.47372E-04 9.01779E-04 1.66209E-04 2.14794E-04 3.49632E-05 
1300 2.40426E-04 4.81541E-04 3.27819E-04 6.31037E-04 9.98485E-04 1.36031E-04 1.49751E-04 2.63473E-05 
1350 2.57296E-04 4.58472E-04 3.81794E-04 6.62626E-04 9.02351E-04 9.68026E-05 1.91634E-04 9.66213E-05 
1400 1.64603E-04 4.12895E-04 4.69679E-04 7.05443E-04 1.00398E-03 1.19632E-04 2.06061E-04 2.04148E-05 
1450 2.36043E-04 4.22909E-04 3.65484E-04 6.09470E-04 8.51939E-04 1.02969E-04 2.13217E-04 6.17405E-05 
1500 2.62301E-04 4.80901E-04 4.64608E-04 5.80552E-04 1.02164E-03 1.07931E-04 2.02099E-04 3.45117E-05 
800 1.79430E-04 4.11486E-04 4.37413E-04 6.87469E-04 1.07269E-03 1.92559E-04 1.55856E-04 6.09525E-05 
850 2.22300E-04 3.67103E-04 4.60479E-04 7.71982E-04 9.00251E-04 1.51405E-04 2.01915E-04 8.67522E-06 
900 1.78906E-04 4.79370E-04 3.21042E-04 6.27490E-04 1.08424E-03 8.79405E-05 1.64823E-04 6.39452E-05 
950 2.57055E-04 4.25725E-04 4.35320E-04 5.75579E-04 9.45578E-04 1.19756E-04 2.18846E-04 1.33788E-05 
1000 2.47763E-04 5.31446E-04 4.14505E-04 6.81553E-04 9.18032E-04 1.47268E-04 1.81577E-04 3.25456E-05 
1050 2.18459E-04 3.64717E-04 4.07516E-04 5.95302E-04 9.17044E-04 1.56445E-04 1.25440E-04 2.74979E-05 
1100 2.62399E-04 4.85325E-04 4.28919E-04 5.79385E-04 1.01808E-03 1.49869E-04 1.72309E-04 2.75160E-05 
1150 2.22389E-04 5.27735E-04 5.09487E-04 6.00463E-04 9.83979E-04 1.29106E-04 1.88618E-04 4.55341E-05 
1200 2.06818E-04 4.38325E-04 3.48766E-04 5.86986E-04 9.41354E-04 9.61585E-05 1.00023E-04 2.07026E-05 
1250 2.92218E-04 4.47979E-04 4.08200E-04 5.91788E-04 8.51516E-04 1.34714E-04 2.31009E-04 4.02475E-05 
1300 1.83041E-04 4.68793E-04 4.35451E-04 4.90905E-04 1.10929E-03 1.08831E-04 1.89949E-04 2.37416E-05 
1350 3.05573E-04 4.91672E-04 4.34452E-04 6.04885E-04 8.78395E-04 1.17394E-04 1.97262E-04 3.88164E-05 
1400 2.07260E-04 4.65369E-04 4.09543E-04 6.68561E-04 8.67167E-04 1.03139E-04 1.56590E-04 3.73475E-05 
1450 2.75101E-04 5.39968E-04 3.28015E-04 6.66557E-04 9.86620E-04 1.11696E-04 1.84546E-04 2.72922E-05 
1500 2.35127E-04 3.76266E-04 4.78235E-04 6.55590E-04 8.44301E-04 1.61003E-04 2.64360E-04 1.06998E-05 
800 2.61947E-04 4.70187E-04 4.60211E-04 6.20128E-04 1.04926E-03 7.28807E-05 1.64496E-04 4.23119E-05 
850 1.42282E-04 5.58434E-04 4.76153E-04 4.83177E-04 9.38618E-04 1.23507E-04 1.16318E-04 2.05347E-05 
900 1.51708E-04 5.92919E-04 4.18315E-04 6.53635E-04 8.99805E-04 9.91386E-05 2.06898E-04 4.88996E-05 
950 2.05218E-04 5.76494E-04 5.22915E-04 6.28820E-04 9.03284E-04 9.62248E-05 1.83046E-04 5.47717E-05 
1000 1.96735E-04 4.94903E-04 4.59304E-04 5.99270E-04 9.42316E-04 9.08512E-05 1.91932E-04 4.92926E-05 
1050 1.48960E-04 4.25544E-04 4.65274E-04 6.17737E-04 8.72108E-04 9.56142E-05 1.60379E-04 3.96908E-05 
1100 2.47846E-04 4.94023E-04 4.85619E-04 6.25410E-04 9.35655E-04 1.48743E-04 1.84925E-04 7.41263E-05 
1150 2.63486E-04 4.99993E-04 6.00597E-04 6.09763E-04 1.11724E-03 1.30145E-04 1.36957E-04 4.38973E-05 
1200 3.06073E-04 4.17989E-04 3.57794E-04 7.48035E-04 8.15845E-04 1.10176E-04 2.14655E-04 4.40029E-05 
1250 2.57441E-04 4.05192E-04 4.42683E-04 7.37999E-04 9.45382E-04 1.77463E-04 1.71411E-04 2.35209E-05 
1300 1.54690E-04 4.22916E-04 4.59698E-04 6.66015E-04 8.66420E-04 1.22552E-04 1.84557E-04 1.71688E-05 
1350 1.89087E-04 5.00280E-04 3.21056E-04 6.45002E-04 9.19775E-04 1.45632E-04 2.40830E-04 3.97310E-05 
1400 4.43770E-04 4.07266E-04 5.75932E-04 5.88070E-04 1.04339E-03 1.51784E-04 1.72148E-04 1.99956E-05 
1450 2.19449E-04 3.93889E-04 4.82551E-04 5.88705E-04 9.16851E-04 1.37055E-04 1.36231E-04 2.36803E-05 
1500 2.34995E-04 5.55064E-04 4.47696E-04 5.33818E-04 1.08063E-03 1.74389E-04 1.53854E-04 2.63569E-05 
800 2.71365E-04 5.82053E-04 3.11037E-04 6.89490E-04 1.11653E-03 1.43324E-04 1.23627E-04 3.87293E-05 
850 2.59376E-04 4.85666E-04 4.95350E-04 6.60525E-04 9.20176E-04 1.59914E-04 1.79180E-04 2.07945E-05 
900 1.97355E-04 5.16304E-04 4.48594E-04 6.85903E-04 9.69208E-04 1.09413E-04 2.03563E-04 8.24848E-05 
950 2.55349E-04 5.24761E-04 4.46621E-04 6.13074E-04 8.92847E-04 1.55868E-04 1.59490E-04 1.97819E-05 
1000 2.67178E-04 5.44659E-04 3.53688E-04 7.56389E-04 8.40392E-04 1.08639E-04 2.15133E-04 4.17432E-05 
1050 2.18278E-04 3.84677E-04 4.79883E-04 6.33640E-04 9.02682E-04 1.05581E-04 3.00137E-04 4.41870E-05 
1100 2.67428E-04 4.72823E-04 5.60408E-04 5.62658E-04 1.10796E-03 1.60148E-04 2.11330E-04 3.20663E-05 
1150 2.99449E-04 3.43089E-04 4.74171E-04 6.10378E-04 1.04130E-03 1.11961E-04 1.68339E-04 3.79794E-05 
1200 2.65756E-04 5.36243E-04 4.91164E-04 5.23792E-04 7.62402E-04 1.28788E-04 1.27167E-04 1.55873E-05 
1250 2.37939E-04 4.07747E-04 4.14287E-04 5.79684E-04 8.17619E-04 1.50498E-04 2.43898E-04 7.80973E-05 
1300 2.34718E-04 4.40349E-04 4.62842E-04 5.66763E-04 9.60899E-04 1.42122E-04 1.44018E-04 1.61171E-05 
1350 2.63055E-04 4.07336E-04 4.94286E-04 5.37899E-04 9.35520E-04 9.22938E-05 1.49358E-04 1.90417E-05 
1400 2.91094E-04 4.70951E-04 3.68621E-04 6.34487E-04 8.47765E-04 6.47278E-05 2.09052E-04 1.22275E-05 
1450 3.24446E-04 3.18709E-04 4.00461E-04 5.23169E-04 9.64935E-04 1.97733E-04 2.69075E-04 3.03969E-05 
1500 2.40739E-04 4.21861E-04 4.09723E-04 5.51453E-04 8.86461E-04 1.06983E-04 1.56300E-04 8.23106E-05 
800 2.17667E-04 4.27570E-04 4.55894E-04 6.46543E-04 1.03197E-03 1.44449E-04 1.62575E-04 6.48949E-05 
850 2.30173E-04 4.76111E-04 4.39090E-04 6.52062E-04 9.17135E-04 1.66205E-04 1.38062E-04 4.38178E-05 
900 2.33508E-04 3.68025E-04 4.52853E-04 6.45763E-04 9.22191E-04 7.82353E-05 1.57482E-04 2.38578E-05 
950 2.27965E-04 4.91387E-04 5.45245E-04 5.82638E-04 8.39588E-04 1.06644E-04 1.89997E-04 4.85134E-05 
1000 3.43024E-04 3.69172E-04 3.59349E-04 6.20216E-04 8.25244E-04 1.19616E-04 2.77260E-04 2.84484E-05 
1050 3.52933E-04 3.82595E-04 4.09193E-04 5.69432E-04 1.04502E-03 6.57517E-05 1.39713E-04 4.91404E-05 
1100 2.03096E-04 4.32220E-04 4.38523E-04 6.64060E-04 9.33117E-04 1.17252E-04 2.13588E-04 3.40436E-05 
1150 2.58703E-04 5.40284E-04 3.98747E-04 5.40958E-04 1.06391E-03 1.58737E-04 2.35428E-04 3.65262E-05 
1200 1.89415E-04 5.55428E-04 4.91161E-04 7.46336E-04 1.02415E-03 1.16600E-04 2.04790E-04 2.06788E-05 
1250 2.13597E-04 3.51044E-04 3.81912E-04 6.37145E-04 9.55633E-04 8.86213E-05 1.83275E-04 1.20570E-05 
1300 2.64827E-04 3.97410E-04 3.18626E-04 5.36886E-04 9.38925E-04 1.52219E-04 1.79901E-04 3.11474E-05 
1350 2.37411E-04 4.94717E-04 4.06410E-04 6.05224E-04 1.02691E-03 8.01697E-05 1.29564E-04 4.20301E-05 
1400 2.82530E-04 4.57560E-04 4.60225E-04 7.56800E-04 9.90429E-04 8.78190E-05 1.28782E-04 3.15154E-05 
1450 2.11659E-04 4.04015E-04 5.13972E-04 4.82607E-04 1.02608E-03 9.01777E-05 1.46331E-04 5.63724E-05 
1500 2.95169E-04 6.09048E-04 5.30492E-04 6.15695E-04 9.78879E-04 1.44214E-04 2.25905E-04 7.49803E-05 
