800 7.72062E-01 2.75027E-02 
850 7.76564E-01 2.74757E-02 
900 7.80279E-01 2.79648E-02 
950 7.82013E-01 2.87838E-02 
1000 7.86928E-01 2.89580E-02 
1050 7.85196E-01 3.00521E-02 
1100 7.92316E-01 3.09978E-02 
1150 7.93532E-01 3.08540E-02 
1200 7.98984E-01 3.21033E-02 
1250 8.01095E-01 3.41935E-02 
1300 8.07565E-01 3.27354E-02 
1350 8.07291E-01 3.43103E-02 
1400 8.11521E-01 3.46812E-02 
1450 8.11225E-01 3.61316E-02 
1500 8.18301E-01 3.69723E-02 
1550 8.26660E-01 3.71880E-02 
1600 8.24827E-01 3.84972E-02 
1650 8.30877E-01 3.95475E-02 
1700 8.31658E-01 4.11439E-02 
1750 8.37823E-01 4.23896E-02 
1800 8.40235E-01 4.27249E-02 
1850 8.46423E-01 4.35664E-02 
1900 8.49913E-01 4.44757E-02 
1950 8.51806E-01 4.54813E-02 
2000 8.53265E-01 4.65259E-02 
