800 5.07130E-01 1.76812E+00 
850 5.08237E-01 1.71258E+00 
900 5.04233E-01 1.69281E+00 
950 5.03618E-01 1.69980E+00 
1000 5.03965E-01 1.65635E+00 
1050 5.06698E-01 1.64159E+00 
1100 5.00396E-01 1.62123E+00 
1150 5.01793E-01 1.61676E+00 
1200 4.97416E-01 1.58842E+00 
1250 4.97055E-01 1.58383E+00 
1300 4.94260E-01 1.55431E+00 
1350 4.94082E-01 1.53994E+00 
1400 4.95877E-01 1.54983E+00 
1450 4.93547E-01 1.53965E+00 
1500 4.94047E-01 1.53386E+00 
1550 4.84729E-01 1.52097E+00 
1600 4.85023E-01 1.52243E+00 
1650 4.80010E-01 1.50480E+00 
1700 4.77680E-01 1.49705E+00 
1750 4.76535E-01 1.49701E+00 
1800 4.74259E-01 1.50195E+00 
1850 4.72718E-01 1.50357E+00 
1900 4.68043E-01 1.50148E+00 
1950 4.64536E-01 1.49971E+00 
2000 4.63099E-01 1.49387E+00 
