800 2.10472E-03 3.78568E-02 
850 2.08191E-03 3.71284E-02 
900 2.05519E-03 3.64841E-02 
950 2.03094E-03 3.58751E-02 
1000 2.00371E-03 3.52367E-02 
1050 1.97816E-03 3.46489E-02 
1100 1.95122E-03 3.41107E-02 
1150 1.92773E-03 3.35311E-02 
1200 1.90291E-03 3.29161E-02 
1250 1.87546E-03 3.23698E-02 
1300 1.84676E-03 3.18323E-02 
1350 1.82251E-03 3.12931E-02 
1400 1.80008E-03 3.07657E-02 
1450 1.77144E-03 3.02415E-02 
1500 1.74757E-03 2.97307E-02 
1550 1.72142E-03 2.92258E-02 
1600 1.70026E-03 2.87265E-02 
1650 1.67015E-03 2.81981E-02 
1700 1.64153E-03 2.77076E-02 
1750 1.61994E-03 2.72073E-02 
1800 1.59413E-03 2.67393E-02 
1850 1.56626E-03 2.63071E-02 
1900 1.54099E-03 2.58240E-02 
1950 1.51589E-03 2.53633E-02 
2000 1.49001E-03 2.48773E-02 
