800 1.01799E-07 2.25771E-06 
850 1.01778E-07 2.24306E-06 
900 1.01631E-07 2.23305E-06 
950 1.01913E-07 2.22371E-06 
1000 1.01939E-07 2.21290E-06 
1050 1.02027E-07 2.20434E-06 
1100 1.02015E-07 2.19867E-06 
1150 1.02161E-07 2.19063E-06 
1200 1.02147E-07 2.18081E-06 
1250 1.02136E-07 2.17374E-06 
1300 1.02108E-07 2.16730E-06 
1350 1.02347E-07 2.16089E-06 
1400 1.02691E-07 2.15480E-06 
1450 1.02416E-07 2.14869E-06 
1500 1.02532E-07 2.14436E-06 
1550 1.02614E-07 2.13877E-06 
1600 1.02706E-07 2.13378E-06 
1650 1.02761E-07 2.12715E-06 
1700 1.02605E-07 2.12280E-06 
1750 1.02923E-07 2.11748E-06 
1800 1.02916E-07 2.11496E-06 
1850 1.02911E-07 2.11388E-06 
1900 1.03119E-07 2.10957E-06 
1950 1.02949E-07 2.10699E-06 
2000 1.03054E-07 2.10184E-06 
