800 3.61901E-03 2.02416E-02 
850 3.59324E-03 1.99896E-02 
900 3.54511E-03 1.97268E-02 
950 3.51450E-03 1.94983E-02 
1000 3.47754E-03 1.92533E-02 
1050 3.47821E-03 1.90470E-02 
1100 3.41308E-03 1.88338E-02 
1150 3.39704E-03 1.86196E-02 
1200 3.35383E-03 1.83972E-02 
1250 3.32352E-03 1.82106E-02 
1300 3.29631E-03 1.80316E-02 
1350 3.25594E-03 1.78133E-02 
1400 3.24065E-03 1.76549E-02 
1450 3.20643E-03 1.74501E-02 
1500 3.18076E-03 1.73177E-02 
1550 3.13343E-03 1.70940E-02 
1600 3.10499E-03 1.69183E-02 
1650 3.06452E-03 1.67576E-02 
1700 3.02204E-03 1.65688E-02 
1750 3.00504E-03 1.64114E-02 
1800 2.97216E-03 1.62386E-02 
1850 2.93531E-03 1.61255E-02 
1900 2.88749E-03 1.59240E-02 
1950 2.86772E-03 1.57737E-02 
2000 2.82048E-03 1.55947E-02 
