800 1.41659E+02 5.65078E+01 
850 1.42166E+02 5.69732E+01 
900 1.42789E+02 5.74619E+01 
950 1.42732E+02 5.85812E+01 
1000 1.43121E+02 5.92781E+01 
1050 1.43191E+02 5.97192E+01 
1100 1.43486E+02 6.04186E+01 
1150 1.43659E+02 6.13197E+01 
1200 1.44231E+02 6.18376E+01 
1250 1.44308E+02 6.24771E+01 
1300 1.44153E+02 6.33012E+01 
1350 1.45073E+02 6.40261E+01 
1400 1.45364E+02 6.47524E+01 
1450 1.45248E+02 6.52036E+01 
1500 1.45506E+02 6.61777E+01 
1550 1.46239E+02 6.67730E+01 
1600 1.46646E+02 6.76546E+01 
1650 1.46677E+02 6.82400E+01 
1700 1.46868E+02 6.88734E+01 
1750 1.47497E+02 6.97491E+01 
1800 1.47367E+02 7.02249E+01 
1850 1.47478E+02 7.14334E+01 
1900 1.48149E+02 7.21084E+01 
1950 1.48118E+02 7.27413E+01 
2000 1.48787E+02 7.33337E+01 
