800 1.04176E-07 2.27884E-06 
850 1.03991E-07 2.26744E-06 
900 1.03923E-07 2.25796E-06 
950 1.04175E-07 2.24954E-06 
1000 1.04217E-07 2.24039E-06 
1050 1.04266E-07 2.23514E-06 
1100 1.04089E-07 2.22914E-06 
1150 1.04194E-07 2.22465E-06 
1200 1.04117E-07 2.21515E-06 
1250 1.04056E-07 2.20846E-06 
1300 1.04157E-07 2.20460E-06 
1350 1.04266E-07 2.19943E-06 
1400 1.04559E-07 2.19438E-06 
1450 1.04295E-07 2.18940E-06 
1500 1.04369E-07 2.18528E-06 
1550 1.04369E-07 2.17927E-06 
1600 1.04456E-07 2.17568E-06 
1650 1.04524E-07 2.16946E-06 
1700 1.04374E-07 2.16655E-06 
1750 1.04509E-07 2.16353E-06 
1800 1.04470E-07 2.16172E-06 
1850 1.04650E-07 2.16087E-06 
1900 1.04621E-07 2.15648E-06 
1950 1.04545E-07 2.15600E-06 
2000 1.04525E-07 2.15117E-06 
