800 8.63886E-04 1.55393E-02 
850 8.54518E-04 1.52403E-02 
900 8.43545E-04 1.49758E-02 
950 8.33591E-04 1.47258E-02 
1000 8.22417E-04 1.44638E-02 
1050 8.11923E-04 1.42225E-02 
1100 8.00864E-04 1.40016E-02 
1150 7.91221E-04 1.37637E-02 
1200 7.81032E-04 1.35113E-02 
1250 7.69761E-04 1.32870E-02 
1300 7.57975E-04 1.30664E-02 
1350 7.48025E-04 1.28450E-02 
1400 7.38812E-04 1.26286E-02 
1450 7.27058E-04 1.24134E-02 
1500 7.17257E-04 1.22037E-02 
1550 7.06517E-04 1.19965E-02 
1600 6.97838E-04 1.17915E-02 
1650 6.85473E-04 1.15746E-02 
1700 6.73721E-04 1.13733E-02 
1750 6.64864E-04 1.11679E-02 
1800 6.54265E-04 1.09758E-02 
1850 6.42824E-04 1.07984E-02 
1900 6.32454E-04 1.06001E-02 
1950 6.22145E-04 1.04110E-02 
2000 6.11522E-04 1.02115E-02 
