800 3.92048E-01 1.06971E-03 3.78833E-03 4.45869E-01 
850 3.91906E-01 1.05326E-03 3.78475E-03 4.45803E-01 
900 3.91757E-01 1.05206E-03 3.79158E-03 4.45727E-01 
950 3.91725E-01 1.03129E-03 3.81181E-03 4.45680E-01 
1000 3.91585E-01 1.03776E-03 3.82827E-03 4.45636E-01 
1050 3.91556E-01 1.03751E-03 3.82526E-03 4.45587E-01 
1100 3.91405E-01 1.02710E-03 3.83474E-03 4.45542E-01 
1150 3.91329E-01 1.03318E-03 3.85296E-03 4.45493E-01 
1200 3.91213E-01 1.02566E-03 3.86383E-03 4.45446E-01 
1250 3.91111E-01 1.04112E-03 3.88610E-03 4.45385E-01 
1300 3.91006E-01 1.02589E-03 3.90288E-03 4.45372E-01 
1350 3.90869E-01 1.02294E-03 3.91094E-03 4.45331E-01 
1400 3.90803E-01 1.02124E-03 3.93237E-03 4.45312E-01 
1450 3.90735E-01 1.02534E-03 3.93433E-03 4.45253E-01 
1500 3.90544E-01 1.01922E-03 3.95784E-03 4.45226E-01 
1550 3.90386E-01 1.02637E-03 3.97315E-03 4.45181E-01 
1600 3.90419E-01 1.03015E-03 3.98686E-03 4.45162E-01 
1650 3.90274E-01 1.02388E-03 4.01394E-03 4.45124E-01 
1700 3.90121E-01 1.02512E-03 4.02780E-03 4.45091E-01 
1750 3.89974E-01 1.03558E-03 4.04931E-03 4.45054E-01 
1800 3.89896E-01 1.02253E-03 4.05202E-03 4.45065E-01 
1850 3.89740E-01 1.02300E-03 4.09563E-03 4.45047E-01 
1900 3.89644E-01 1.01965E-03 4.09971E-03 4.45039E-01 
1950 3.89524E-01 1.02507E-03 4.11610E-03 4.45016E-01 
2000 3.89385E-01 1.02976E-03 4.12951E-03 4.44991E-01 
