800 2.71316E-01 1.08313E-03 2.01129E-03 2.56740E-01 
850 2.68036E-01 1.19532E-03 2.00281E-03 2.53873E-01 
900 2.64760E-01 1.25553E-03 1.97441E-03 2.51063E-01 
950 2.61529E-01 1.33215E-03 1.96103E-03 2.48235E-01 
1000 2.58413E-01 1.40750E-03 1.94618E-03 2.45368E-01 
1050 2.55096E-01 1.49564E-03 1.96634E-03 2.42505E-01 
1100 2.51835E-01 1.55366E-03 1.92254E-03 2.39670E-01 
1150 2.48734E-01 1.63052E-03 1.92350E-03 2.36783E-01 
1200 2.45434E-01 1.71721E-03 1.89944E-03 2.33841E-01 
1250 2.42235E-01 1.80529E-03 1.88979E-03 2.30937E-01 
1300 2.39005E-01 1.89643E-03 1.88390E-03 2.28012E-01 
1350 2.35737E-01 1.94974E-03 1.86208E-03 2.25105E-01 
1400 2.32427E-01 2.05714E-03 1.86419E-03 2.22139E-01 
1450 2.29271E-01 2.11655E-03 1.85183E-03 2.19207E-01 
1500 2.26024E-01 2.24251E-03 1.84391E-03 2.16191E-01 
1550 2.22836E-01 2.27286E-03 1.81561E-03 2.13287E-01 
1600 2.19575E-01 2.34948E-03 1.80378E-03 2.10308E-01 
1650 2.16343E-01 2.45519E-03 1.78716E-03 2.07271E-01 
1700 2.13120E-01 2.51408E-03 1.76564E-03 2.04296E-01 
1750 2.09870E-01 2.60929E-03 1.76645E-03 2.01264E-01 
1800 2.06607E-01 2.67352E-03 1.75193E-03 1.98269E-01 
1850 2.03345E-01 2.77924E-03 1.73596E-03 1.95268E-01 
1900 2.00235E-01 2.82175E-03 1.70977E-03 1.92255E-01 
1950 1.96950E-01 2.90482E-03 1.70783E-03 1.89222E-01 
2000 1.93729E-01 2.97130E-03 1.68056E-03 1.86167E-01 
