800 6.33029E+01 2.41242E+01 
850 6.34940E+01 2.43360E+01 
900 6.37869E+01 2.45630E+01 
950 6.38353E+01 2.50593E+01 
1000 6.39816E+01 2.53224E+01 
1050 6.39703E+01 2.55724E+01 
1100 6.41920E+01 2.58078E+01 
1150 6.42426E+01 2.62015E+01 
1200 6.45124E+01 2.65160E+01 
1250 6.45346E+01 2.67730E+01 
1300 6.44338E+01 2.71168E+01 
1350 6.48003E+01 2.74206E+01 
1400 6.50009E+01 2.77228E+01 
1450 6.50418E+01 2.79075E+01 
1500 6.51448E+01 2.83289E+01 
1550 6.54583E+01 2.86150E+01 
1600 6.56349E+01 2.89668E+01 
1650 6.56897E+01 2.92705E+01 
1700 6.56939E+01 2.95440E+01 
1750 6.60573E+01 2.98739E+01 
1800 6.60044E+01 3.01646E+01 
1850 6.60151E+01 3.06346E+01 
1900 6.62918E+01 3.09205E+01 
1950 6.62919E+01 3.11572E+01 
2000 6.66786E+01 3.14605E+01 
