800 1.61795E-04 1.28969E-03 5.76698E-04 1.39765E-03 2.40723E-03 6.20498E-04 5.35774E-04 1.69715E-04 
850 2.23489E-04 1.14496E-03 6.47721E-04 1.35223E-03 2.56364E-03 7.71315E-04 6.43989E-04 1.38694E-04 
900 1.99384E-04 1.11845E-03 8.06647E-04 1.40279E-03 2.49045E-03 6.95136E-04 6.85161E-04 1.55074E-04 
950 2.03987E-04 1.07753E-03 6.81946E-04 1.35340E-03 2.20318E-03 6.02408E-04 6.95872E-04 1.38698E-04 
1000 2.27071E-04 1.01976E-03 7.15955E-04 1.42793E-03 2.42065E-03 7.37202E-04 6.38115E-04 1.67954E-04 
1050 2.29057E-04 1.03612E-03 6.98058E-04 1.30954E-03 2.45875E-03 6.21637E-04 6.05306E-04 1.57448E-04 
1100 2.73824E-04 1.09968E-03 6.37516E-04 1.47642E-03 2.51064E-03 5.72894E-04 5.72857E-04 1.38159E-04 
1150 1.53580E-04 1.26792E-03 7.44321E-04 1.64482E-03 2.60589E-03 7.68540E-04 5.89471E-04 1.76002E-04 
1200 2.50104E-04 1.06640E-03 6.60132E-04 1.57961E-03 2.35846E-03 7.21160E-04 5.67201E-04 1.51268E-04 
1250 1.93138E-04 1.04180E-03 7.18444E-04 1.69256E-03 2.31253E-03 6.25643E-04 6.44279E-04 2.14462E-04 
1300 2.39350E-04 1.08906E-03 6.70921E-04 1.45137E-03 2.16053E-03 7.72866E-04 5.63552E-04 1.90763E-04 
1350 3.03722E-04 1.00985E-03 6.40278E-04 1.53512E-03 2.29480E-03 7.78820E-04 6.73115E-04 1.62579E-04 
1400 2.68300E-04 1.22045E-03 7.40369E-04 1.66900E-03 2.18844E-03 6.49573E-04 5.99404E-04 1.57193E-04 
1450 2.22378E-04 1.34545E-03 7.32934E-04 1.52529E-03 2.37871E-03 5.92977E-04 6.20824E-04 1.21016E-04 
1500 2.77786E-04 1.04629E-03 7.32357E-04 1.44533E-03 2.42644E-03 6.36737E-04 6.27582E-04 1.53783E-04 
1550 2.59787E-04 1.28313E-03 7.08391E-04 1.49152E-03 2.40135E-03 5.49313E-04 6.16488E-04 2.06808E-04 
1600 2.20462E-04 1.08191E-03 6.40253E-04 1.40159E-03 2.37045E-03 6.18585E-04 5.09242E-04 2.09643E-04 
1650 2.64656E-04 1.16004E-03 6.03045E-04 1.47137E-03 2.49877E-03 5.73947E-04 6.08626E-04 1.33501E-04 
1700 3.07387E-04 1.12744E-03 7.21003E-04 1.39924E-03 2.45487E-03 6.81348E-04 6.07902E-04 1.39090E-04 
1750 3.24644E-04 1.23745E-03 6.72610E-04 1.68054E-03 2.36765E-03 6.19671E-04 6.39526E-04 1.83006E-04 
1800 1.82936E-04 1.07988E-03 6.87165E-04 1.55700E-03 2.82432E-03 5.97031E-04 5.55929E-04 1.10670E-04 
1850 2.36431E-04 1.06358E-03 7.19773E-04 1.41003E-03 2.62726E-03 7.64705E-04 5.89644E-04 1.50577E-04 
1900 2.47266E-04 1.13104E-03 5.03075E-04 1.33936E-03 2.47783E-03 6.95811E-04 6.84622E-04 1.68150E-04 
1950 2.55017E-04 1.18544E-03 6.88074E-04 1.57106E-03 2.61811E-03 7.10096E-04 5.57686E-04 2.21813E-04 
2000 2.31180E-04 9.84804E-04 7.49366E-04 1.39935E-03 2.64287E-03 6.95398E-04 4.86727E-04 1.93125E-04 
