800 3.80320E-03 1.23383E-03 
850 3.79945E-03 1.21655E-03 
900 3.80636E-03 1.21467E-03 
950 3.82688E-03 1.19330E-03 
1000 3.84319E-03 1.19911E-03 
1050 3.84015E-03 1.19849E-03 
1100 3.84966E-03 1.18764E-03 
1150 3.86773E-03 1.19340E-03 
1200 3.87871E-03 1.18519E-03 
1250 3.90111E-03 1.20018E-03 
1300 3.91774E-03 1.18466E-03 
1350 3.92610E-03 1.18134E-03 
1400 3.94748E-03 1.17928E-03 
1450 3.94952E-03 1.18303E-03 
1500 3.97287E-03 1.17660E-03 
1550 3.98830E-03 1.18332E-03 
1600 4.00209E-03 1.18685E-03 
1650 4.02934E-03 1.18012E-03 
1700 4.04270E-03 1.18116E-03 
1750 4.06425E-03 1.19140E-03 
1800 4.06710E-03 1.17822E-03 
1850 4.11101E-03 1.17863E-03 
1900 4.11479E-03 1.17496E-03 
1950 4.13150E-03 1.18035E-03 
2000 4.14507E-03 1.18469E-03 
