800 1.41185E-42 3.54942E-42 
850 1.41018E-42 3.52876E-42 
900 1.40689E-42 3.50711E-42 
950 1.40208E-42 3.42641E-42 
1000 1.40041E-42 3.39009E-42 
1050 1.39912E-42 3.36412E-42 
1100 1.39857E-42 3.33230E-42 
1150 1.39191E-42 3.27115E-42 
1200 1.39000E-42 3.25207E-42 
1250 1.38866E-42 3.21773E-42 
1300 1.38661E-42 3.16656E-42 
1350 1.37928E-42 3.13579E-42 
1400 1.37760E-42 3.10111E-42 
1450 1.38093E-42 3.08608E-42 
1500 1.37325E-42 3.02758E-42 
1550 1.37000E-42 3.01084E-42 
1600 1.36617E-42 2.97041E-42 
1650 1.36671E-42 2.94706E-42 
1700 1.36408E-42 2.91872E-42 
1750 1.35962E-42 2.88441E-42 
1800 1.35972E-42 2.86207E-42 
1850 1.35263E-42 2.80312E-42 
1900 1.35106E-42 2.78429E-42 
1950 1.35172E-42 2.76116E-42 
2000 1.34757E-42 2.74312E-42 
