800 3.04389E-01 9.43617E-04 1.60411E-03 2.87520E-01 
850 3.01429E-01 1.00966E-03 1.59040E-03 2.84997E-01 
900 2.98542E-01 1.09374E-03 1.60344E-03 2.82466E-01 
950 2.95552E-01 1.12532E-03 1.58660E-03 2.79974E-01 
1000 2.92709E-01 1.20120E-03 1.58287E-03 2.77434E-01 
1050 2.89731E-01 1.27540E-03 1.57598E-03 2.74867E-01 
1100 2.86789E-01 1.31887E-03 1.57980E-03 2.72335E-01 
1150 2.83913E-01 1.36076E-03 1.57228E-03 2.69787E-01 
1200 2.80915E-01 1.42796E-03 1.56865E-03 2.67197E-01 
1250 2.77978E-01 1.49270E-03 1.57292E-03 2.64615E-01 
1300 2.75124E-01 1.57127E-03 1.54581E-03 2.62011E-01 
1350 2.72057E-01 1.64852E-03 1.54233E-03 2.59405E-01 
1400 2.69194E-01 1.70541E-03 1.55338E-03 2.56779E-01 
1450 2.66304E-01 1.74461E-03 1.54922E-03 2.54182E-01 
1500 2.63285E-01 1.79985E-03 1.55078E-03 2.51567E-01 
