800 3.93133E-01 8.14146E-04 3.61128E-03 4.46978E-01 
850 3.93011E-01 8.10918E-04 3.61947E-03 4.46972E-01 
900 3.93027E-01 8.06048E-04 3.62382E-03 4.46956E-01 
950 3.92948E-01 7.98883E-04 3.62865E-03 4.46954E-01 
1000 3.92885E-01 7.94925E-04 3.63796E-03 4.46951E-01 
1050 3.92872E-01 7.85001E-04 3.64266E-03 4.46962E-01 
1100 3.92789E-01 7.83739E-04 3.64702E-03 4.46964E-01 
1150 3.92750E-01 7.71005E-04 3.65501E-03 4.46957E-01 
1200 3.92658E-01 7.75485E-04 3.66264E-03 4.46945E-01 
1250 3.92677E-01 7.70283E-04 3.67179E-03 4.46947E-01 
1300 3.92589E-01 7.63915E-04 3.68466E-03 4.46944E-01 
1350 3.92571E-01 7.68047E-04 3.70197E-03 4.46921E-01 
1400 3.92456E-01 7.54415E-04 3.70121E-03 4.46936E-01 
1450 3.92478E-01 7.48327E-04 3.70441E-03 4.46935E-01 
1500 3.92398E-01 7.44730E-04 3.71907E-03 4.46949E-01 
