800 2.19900E-04 4.61473E-04 3.36419E-04 4.98172E-04 8.58453E-04 1.07470E-04 1.73893E-04 2.79512E-05 
850 2.14160E-04 4.59233E-04 3.93337E-04 6.04916E-04 8.43572E-04 1.03459E-04 1.45978E-04 2.75502E-05 
900 2.11199E-04 4.58018E-04 4.01325E-04 5.53548E-04 8.17602E-04 1.23557E-04 1.72794E-04 2.09956E-05 
950 1.93495E-04 4.90735E-04 3.97221E-04 5.67307E-04 7.98963E-04 1.21397E-04 1.78209E-04 3.94014E-05 
1000 2.53695E-04 4.24018E-04 3.81114E-04 5.56057E-04 8.63682E-04 1.00470E-04 1.51705E-04 2.00239E-05 
1050 2.28829E-04 4.25956E-04 3.34482E-04 5.53516E-04 9.05343E-04 1.12440E-04 1.63516E-04 2.70377E-05 
1100 2.12180E-04 3.95268E-04 4.01710E-04 6.45801E-04 8.27056E-04 9.93426E-05 1.58364E-04 4.54348E-05 
1150 1.93830E-04 4.32305E-04 3.44372E-04 6.01073E-04 7.99621E-04 1.15379E-04 1.83169E-04 3.62795E-05 
1200 2.02996E-04 4.05731E-04 4.10598E-04 5.83304E-04 8.34045E-04 1.49805E-04 1.53956E-04 4.15432E-05 
1250 2.11833E-04 4.37063E-04 4.06173E-04 5.67798E-04 8.35501E-04 8.99448E-05 1.46862E-04 2.63360E-05 
1300 2.00458E-04 4.73121E-04 4.06758E-04 6.07351E-04 8.31701E-04 9.76892E-05 1.57848E-04 3.54459E-05 
1350 3.13365E-04 4.52165E-04 3.42817E-04 4.71006E-04 8.78767E-04 7.16812E-05 1.43927E-04 5.01976E-05 
1400 2.36486E-04 4.50670E-04 3.84015E-04 5.26553E-04 8.17212E-04 1.32273E-04 1.50865E-04 2.17054E-05 
1450 2.15856E-04 4.77488E-04 4.19383E-04 5.84924E-04 8.15311E-04 1.05805E-04 1.59325E-04 3.03391E-05 
1500 1.79189E-04 4.40960E-04 3.91757E-04 5.43614E-04 7.54638E-04 1.11442E-04 1.68444E-04 3.03106E-05 
